1,32,53,38,47,43
19,4145,117,127,126,128
25,60478,60453,60468,60465,60467
33,3935,46694,155,46677,46678
39,170,169,176,143,147
72,48915,436,48919,48916,48914
89,46222,46093,6586,540,46090
118,62440,46877,62451,62430,62434
149,59823,59813,59822,59817,2042
174,2129,2127,2122,45987,2125
209,1353,1304,1303,1281,1321
220,46704,1386,1399,31370,2974
225,54124,55480,41747,48663,41722
242,444,1554,434,1532,1568
243,435,48927,436,444,5517
244,50156,1547,1568,1569,1567
247,49133,1584,49132,1587,49141
253,1697,1694,1696,1691,1700
277,1650,1797,1651,1796,1809
278,6635,1809,1797,6640,1795
286,1426,1409,48788,1425,5604
293,49083,1845,1847,47590,1671
315,4507,2009,2004,2010,4511
316,2770,2009,1590,2010,2769
317,2763,48827,46605,1592,1590
324,2310,1366,2065,1372,14505
376,47396,47384,47392,2499,47397
417,2009,2764,2775,2010,2769
434,46519,46516,46522,46523,46521
439,2180,2187,2155,2161,2193
443,2939,2929,2933,2932,2938
444,2939,2930,2929,2932,2942
462,46694,46697,46696,46693,6799
487,2949,3220,3212,3211,3219
492,45997,45990,45980,45988,45972
516,4101,3414,3409,3402,3415
532,48028,48036,48029,46757,48018
563,1464,47906,2227,69402,69386
564,46458,48811,3772,46460,46601
584,50133,62866,62867,49368,3858
585,49363,49304,49355,49368,49300
616,2238,2239,2240,2230,2247
645,54300,54305,9241,9245,9244
676,2009,2010,48836,48813,4512
677,3733,3773,46460,3767,4504
718,2636,2635,4807,2623,4806
743,53838,53821,53822,54852,73295
757,4175,4176,4172,5059,5060
799,5319,5330,51414,5328,5329
807,35247,35254,35255,5392,52223
852,5637,45903,5622,47380,5614
853,47771,5677,48816,48815,3119
854,45903,47771,5613,5614,5629
855,47771,45903,47770,5629,5613
935,560,6221,6225,6229,548
939,46507,47853,47884,46366,47001
959,45942,36832,6364,31785,34810
971,48446,5178,4542,5181,5195
978,5949,65905,6475,6482,6483
995,48661,28904,6619,3236,2118
1004,67803,57330,67801,67808,7713
1051,46981,45989,46975,5043,46982
1052,6640,6631,6626,3231,3235
1057,46195,46196,7015,7014,46183
1074,67788,35318,4326,57333,35319
1117,38187,38198,39311,7449,38205
1118,39311,38205,38198,38206,39317
1135,7506,23690,23681,7554,23694
1136,7506,23681,23716,23690,23694
1144,36949,7632,36950,73181,7634
1145,37217,37209,37215,37203,36940
1146,37209,7632,36949,74488,9018
1147,36949,9044,36950,72552,54789
1151,21739,21776,7680,21762,21732
1171,52079,7817,52072,52056,52057
1172,52079,50498,52072,50437,50522
1173,52079,50498,7817,50522,7804
1176,21114,17809,17622,23288,17829
1178,17814,51786,62116,62115,7838
1180,51634,51628,51633,51642,51632
1181,51634,51642,51633,8658,51628
1182,9081,9114,9082,9102,51634
1183,51634,51633,9081,9114,51628
1217,8274,8121,8127,8129,8267
1231,10337,10380,10373,38730,8219
1232,10359,10380,10337,10379,8219
1235,9987,54880,54870,54884,54481
1237,57252,21226,57142,8260,18974
1238,24500,24503,24504,24515,24516
1248,52149,72260,18717,74738,8328
1249,52149,8879,72260,8894,8883
1259,16230,16248,16247,16259,8398
1265,49744,49824,49743,49746,49771
1282,54850,50486,50487,50454,50452
1285,19395,8049,8064,8051,8056
1292,17546,17563,17552,19270,17577
1293,51530,51549,8631,51548,49942
1338,51696,51670,51671,51672,51713
1339,51696,51670,51671,51672,51713
1347,9179,9024,52471,9070,9014
1348,9179,9092,51636,52471,7863
1349,9179,52471,9166,52485,7863
1350,9179,9166,51645,10142,10155
1351,7607,10142,9179,52471,7595
1352,7620,10142,52471,7607,9179
1354,37539,7625,37503,37538,7636
1357,9179,9024,9178,9166,9167
1358,9166,9179,9178,9024,52473
1367,9065,9171,9114,9067,9022
1368,60721,60656,9180,9175,9178
1379,54319,54318,9231,9248,9232
1390,53737,9311,9306,9309,53749
1391,73182,9339,9344,38688,9345
1398,9108,9381,37515,9396,9388
1409,54308,53315,53302,53337,53307
1423,52841,9554,38890,9590,52843
1439,54678,8655,54676,32459,9643
1440,54070,54084,54069,32459,9639
1441,54479,54087,54082,72562,39793
1472,53555,53556,9843,53552,9926
1496,43414,44746,44737,16535,16588
1515,52154,51985,52143,37683,51977
1516,10380,10337,8221,10379,10336
1520,53209,60543,10270,10319,10262
1528,54368,10277,54787,10276,10260
1530,54488,54489,54357,54352,54481
1543,10405,10439,10436,10422,10440
1544,10405,10436,10422,10437,10439
1563,37263,33624,53871,9306,9312
1575,19981,10629,10645,19982,11375
1646,56637,59077,59066,59072,59078
1647,55708,59073,55473,55476,59078
1648,56637,56643,55473,56646,55476
1649,58456,55322,55321,56637,56648
1650,56637,58301,59984,59072,58299
1672,13236,13231,13219,13237,13232
1673,13231,13236,11321,11316,11339
1721,11732,11733,11162,11728,11786
1733,44933,15678,11183,23968,17783
1770,16719,11997,16685,11987,11978
1771,16679,16719,16710,16726,16709
1787,10669,10655,10667,10661,79715
1825,21422,12394,21425,12406,21435
1870,12604,15170,12642,15174,15180
1933,12500,12472,12467,12492,12468
1934,12487,12477,12500,12483,12496
1947,11337,77002,77016,77027,13213
1954,12611,12610,12628,12629,12598
1961,15395,44963,44940,15399,15457
1962,79321,79331,79330,79334,15235
1992,79432,13535,13540,79431,14249
2019,11555,19202,16537,77834,14396
2046,61538,13936,13904,13923,13874
2089,18032,14255,14256,14263,14280
2093,13500,13212,14305,13503,14292
2103,79327,79332,59819,15224,79318
2126,14464,14480,14482,14485,14483
2127,14464,14483,14482,14465,14480
2128,14464,14480,14465,14483,14485
2173,78305,79241,78297,78313,10670
2191,11157,14895,11166,11178,11156
2224,15094,15088,15079,15078,15084
2265,10678,10679,10756,10680,10750
2281,79212,14026,42183,79207,76474
2315,22072,22080,76221,79244,17022
2359,14202,14209,77768,14210,14215
2371,21287,16050,16036,16030,16042
2372,21307,21299,21294,21303,21310
2375,21307,16022,21304,21303,16050
2376,21307,16071,21295,21299,21315
2383,16011,16085,16012,16140,16108
2387,17487,17494,16107,17490,16080
2400,24063,24121,24064,16226,24087
2450,40150,16622,16669,63352,16661
2455,11998,12004,12011,12003,11997
2456,11998,16713,12004,12001,16715
2457,22552,16722,22536,16675,11986
2469,81442,81443,81440,81453,17065
2477,23751,42812,42823,16838,23617
2484,49387,16925,16917,16895,16893
2489,82026,16927,16915,20012,16922
2490,17036,16959,16941,17003,17002
2499,16936,16959,16953,16944,17036
2502,16897,16713,17029,17508,16722
2504,16962,17028,17026,17017,17061
2505,38902,73831,23840,73825,63179
2534,62108,62107,62098,62097,62123
2539,24733,17324,17308,17309,24744
2565,20384,20356,17531,20388,17513
2573,22159,22272,22293,16296,22296
2574,52012,16297,10505,16028,21346
2600,18884,18871,18872,18533,63018
2601,18871,18880,63211,63018,81288
2604,21682,21714,21683,21680,21685
2605,54415,54418,54441,54416,54417
2606,19214,19207,17803,17848,19206
2607,19207,17834,17809,17824,17852
2622,17324,17311,17312,17873,60499
2627,18532,18541,18020,18540,18554
2628,18577,44357,44358,44365,81576
2643,17095,17110,17096,17075,23581
2645,23966,23967,23961,19265,60586
2660,23101,21155,22020,22009,21192
2689,49523,49525,49531,49530,49534
2698,9525,9504,9513,9526,18366
2710,50570,10286,50566,18633,18676
2711,22352,18663,18664,18680,18679
2713,18575,17638,62694,21441,16117
2733,22121,22127,18871,18876,22117
2748,19095,18991,18992,19041,19040
2767,13591,19150,19151,19136,19137
2768,13591,19151,19150,19141,19137
2776,17807,17810,22680,14226,17806
2788,24817,17568,19275,23498,19656
2796,22909,40277,22901,40271,19353
2800,8234,19401,19333,19350,19349
2804,61635,22873,22856,21353,21356
2830,36720,36761,36712,36815,36814
2837,52835,19676,53975,54800,53637
2838,51978,51523,10330,51946,72820
2848,20652,18862,20653,22091,17590
2851,22819,22597,22605,22827,22826
2856,19809,19852,19846,19851,19844
2857,19809,19852,19829,19847,19851
2879,63859,20117,20102,63864,20061
2880,63864,20061,63859,20108,20114
2884,63854,20109,20108,20056,63846
2910,16517,16487,20313,20695,16502
2919,22158,16292,22157,16287,16293
2920,22158,16292,16293,62014,22157
2923,22158,16292,16287,16293,20378
2924,16292,20378,16287,22158,16293
2925,20324,20422,20411,20415,20423
2946,22773,21876,21338,21888,20595
2947,20597,20598,20607,20608,20602
2954,62140,20636,20626,20615,62135
2956,22151,22162,22299,22161,22159
2957,80091,75815,75807,80873,45054
2981,62158,62163,19474,20850,19477
2982,62158,20840,19493,62163,80994
3026,23981,23999,24253,22755,22788
3027,21833,21823,21834,21171,21164
3029,11582,11581,11567,11566,11610
3043,21335,22840,19205,24724,16049
3044,14282,18032,62699,14275,17825
3045,22573,41626,15383,15439,60688
3046,17326,17319,17318,17327,17322
3047,16016,16029,16015,21292,21294
3048,16016,16015,16029,16040,21299
3052,24253,17632,20582,17625,20575
3053,22823,22686,22499,22360,22370
3056,41626,25023,41630,41631,41624
3057,18577,17161,18541,81595,81629
3078,12035,21509,20445,23940,79597
3090,19848,19843,19829,19858,19847
3095,18138,18139,21838,18104,18084
3107,21637,21690,21697,21696,21704
3122,15457,25023,15463,15450,22152
3137,21448,21973,21978,21926,21970
3142,62048,62037,21999,63857,62034
3144,17281,62116,21114,17829,22020
3145,20378,20343,22036,22023,19825
3146,43186,19982,79860,10641,11381
3147,10637,10641,10652,10647,10631
3150,23747,60688,60655,22041,16085
3156,22113,22125,22122,22112,22117
3207,22352,22788,23099,24835,22404
3209,22885,7450,23742,22502,22500
3211,22361,22492,22497,22477,22363
3218,21598,21635,21666,22579,21646
3235,21792,22421,21501,21803,25181
3253,21620,23671,19800,21616,21613
3254,24724,24722,61141,10373,10337
3255,22879,22180,12131,80126,80125
3256,21306,21356,21313,21354,61685
3257,23093,22866,22577,22865,22467
3258,22856,60424,22842,60425,23220
3267,18550,17161,17148,22076,17164
3268,22071,22958,17164,22950,22948
3277,14958,14963,14956,19079,19054
3302,23100,22566,20137,63741,23092
3303,21155,23099,20679,22582,23093
3330,23401,23440,23423,23439,23422
3331,23340,23341,23324,23366,23354
3359,12984,13005,23648,12993,13003
3367,23665,23689,23679,23680,23690
3375,17846,22014,22010,21156,17829
3401,20382,20348,23956,23959,20360
3411,7774,24027,24047,7782,53598
3435,6549,6557,6538,61268,6536
3447,57664,24311,55637,24326,63999
3453,20757,20725,24344,20761,20758
3463,24567,24566,24560,24564,24558
3493,24778,80837,80856,17043,24776
3496,24034,25085,24044,24030,43723
3497,78412,78414,78406,24762,24738
3507,22850,21613,22839,24731,22835
3510,24771,25181,21792,22299,20348
3515,22359,21874,22361,22363,22371
3563,23764,25111,25110,25121,23760
3568,25144,25163,25155,25148,25164
3591,25284,25311,25293,25286,25315
3592,25286,25300,25284,25315,25293
3596,62283,62274,62273,62270,62256
3604,64918,30364,25398,27638,59320
3618,76474,25508,30240,25512,76465
3621,25543,25534,25528,25538,25531
3625,27619,27621,27620,28996,25548
3626,28717,68000,25554,25559,28718
3650,31904,31916,26453,26444,31945
3651,27341,31937,66963,31924,25710
3654,29743,29745,68075,67595,29741
3655,29736,68085,29745,68077,56082
3669,64915,64914,25367,57098,25368
3702,65189,65188,65191,28758,65190
3705,26469,66419,26459,25466,66422
3714,28682,26135,26147,28686,60979
3723,67060,67059,67067,67066,66235
3745,33486,26318,26324,26331,33484
3767,31918,25705,26449,28264,26447
3768,27289,30786,30810,27288,31979
3872,27128,27134,27133,27148,27149
3874,27149,27133,27148,27134,27132
3880,66909,66906,66899,66900,5196
3929,27485,26530,26527,25517,25550
3932,59917,59916,59919,59922,9305
3933,30707,30649,30688,30615,62088
3936,68847,30990,30984,68819,31257
3938,27692,27618,27620,27624,27619
3957,25350,25354,25357,25363,30164
3967,30310,27794,27796,30303,30297
4007,27034,28080,28062,27657,27649
4046,68246,67942,67941,68253,68518
4047,67941,67942,26392,11819,68522
4050,28361,28372,28364,28363,28371
4072,28493,28516,28512,28502,28509
4075,28515,28493,28518,28511,28519
4096,67690,67681,67687,67669,67668
4097,67690,67681,67669,67687,67668
4105,27712,67486,64211,27218,67480
4110,26239,28789,26245,65752,28785
4119,28508,64015,64011,66974,27459
4120,64015,64011,39255,64028,64017
4137,28943,28935,27922,25848,27918
4138,28667,66516,66530,27472,65561
4139,27472,30163,30172,30169,66516
4173,29183,29384,28555,67296,28140
4175,25767,28801,25778,25788,25779
4213,25652,29460,25678,25664,27507
4227,29758,29759,29764,29757,29760
4241,67951,29646,29619,29643,29642
4308,27936,25510,27937,28801,28812
4316,70518,30150,30153,70537,70536
4322,67208,27573,26182,68139,75315
4323,68514,75284,75288,30162,30168
4330,30237,30221,30226,30219,30217
4331,30252,30241,30246,30248,30249
4340,40243,34426,34428,73965,34429
4343,66017,66002,30292,30289,30301
4361,26022,69435,30473,31646,25993
4365,44340,44305,30447,30446,30497
4366,44340,44305,30447,30498,44285
4370,68605,68609,68621,68651,32279
4383,68995,30578,68996,30580,63356
4402,30816,30770,30769,30797,30814
4406,30778,30797,31102,30803,30816
4407,30926,31636,68762,63215,68754
4411,30992,16913,30833,63870,31008
4418,40369,73876,28935,66608,30563
4432,53401,9036,9096,9095,7615
4433,9068,30830,30837,9026,9167
4442,30722,30613,30721,42835,40980
4444,67144,30701,30640,30693,30662
4445,8748,63742,31089,63744,63733
4449,30647,51776,51772,51804,51773
4453,40265,41577,31205,36623,40289
4459,10142,43980,69367,47720,10165
4462,30993,61144,9112,30997,61141
4463,31918,27583,28271,31993,31263
4464,31292,31282,30990,30984,27583
4465,44004,43994,43978,43991,61505
4466,30989,69365,69367,48388,31254
4467,31211,31249,31225,31267,31283
4507,30925,30927,30928,30939,31514
4508,30925,30926,30946,30927,30940
4513,61255,61256,63869,63881,61251
4521,29716,29708,31953,67245,29718
4537,41283,72224,34783,64061,72233
4538,26253,48062,46133,46138,1906
4544,30361,30362,30360,30379,30363
4565,27612,25977,34897,25550,34896
4566,30234,64566,64567,32027,32015
4567,32000,28247,28245,31999,26442
4570,31069,31103,30668,30731,30688
4575,32346,32301,32397,55899,39398
4584,73669,73662,73663,37545,32142
4585,37489,37478,74269,74216,74243
4587,73605,38801,38810,37908,38807
4611,40889,32280,32281,32342,32338
4612,40889,32280,32342,32281,32338
4621,37975,72865,37449,73796,37444
4624,38490,54360,32306,10291,32474
4629,73324,36842,38744,38745,37976
4638,52861,73747,72819,10326,37435
4639,74399,74434,38185,38184,73747
4640,53389,53386,36883,54410,36909
4646,32628,32629,32635,32631,32632
4647,32628,32629,32631,32635,32632
4651,54175,32649,32637,32636,54170
4652,41045,36570,8659,54368,52307
4660,74342,32684,32726,32693,32721
4662,34301,34588,70256,74459,70157
4671,36652,71502,10165,32791,10164
4689,38506,38486,38483,38480,32891
4690,38506,38486,38483,32894,38482
4694,34068,32916,71199,69804,35517
4704,70140,32991,32989,70135,32986
4713,71219,71220,71225,71224,33030
4714,71219,71220,71225,33030,33037
4725,35543,33449,35540,33114,33450
4728,33120,33122,33136,33123,33133
4729,33121,33120,33123,33122,33132
4730,29736,29724,74618,74581,33150
4732,33148,33149,33156,33155,33153
4734,70166,70165,33172,70162,33173
4740,36096,36102,36099,36434,36109
4745,33230,33229,35877,33224,35866
4746,33230,33228,33233,33229,33224
4748,26714,26709,26718,26715,69582
4759,35819,33325,33317,35818,33321
4782,33115,33452,33456,33454,33453
4801,33491,33574,33573,27994,33563
4803,37027,36579,73316,73317,73315
4806,37268,37265,37264,37276,37275
4817,33719,33702,33718,33713,33706
4821,32959,32963,32960,33703,32964
4834,35816,33793,33798,33504,70361
4840,40902,40903,33811,40936,73145
4841,71477,34564,72828,35545,71929
4852,81060,81062,81059,33902,81052
4854,35662,35658,35656,33908,35652
4861,33714,34772,33942,36277,33943
4883,71258,71251,71255,71247,71249
4898,39059,53664,34594,53669,34595
4910,34268,34260,34253,34269,34255
4917,73041,34301,73034,54273,73690
4918,71655,71656,70627,71651,71652
4922,33456,33454,33447,33452,33450
4924,35538,35545,35546,35537,35536
4927,35207,35208,35206,34378,35213
4932,34403,34415,34416,34424,34419
4933,34403,34415,34419,34416,34424
4953,35820,35815,35811,35814,35808
4986,34565,34761,34757,34767,34563
4991,36378,36386,34791,34787,36385
4994,37676,34804,34803,34818,34820
5002,70112,34868,34858,38845,38843
5008,34217,33194,34221,34213,34215
5025,36430,74593,36427,34989,74598
5072,70358,33406,33407,35233,33641
5100,35377,35398,35389,35378,35396
5104,70271,70268,70273,70272,70270
5112,35428,35460,35466,35467,35461
5113,35428,35466,35460,35461,35467
5195,74648,35978,50364,50390,35973
5198,34490,34377,35991,32921,36003
5204,34309,34310,34312,72827,72879
5213,32732,36107,36098,36106,32728
5218,36114,36147,36140,36139,36145
5219,36114,36150,36149,36146,36145
5220,36114,36150,36149,36145,36146
5221,36114,36146,36147,36138,36152
5231,33799,33800,33788,33795,36501
5246,72686,72646,36294,72651,36293
5265,36470,36471,36462,36466,36451
5266,36471,36470,36462,36457,36451
5269,36449,36470,36443,36456,36471
5270,36449,36470,36442,36455,36456
5271,35628,32735,35950,35972,36475
5276,36259,36509,36270,36271,36504
5287,54069,32240,32234,32502,37256
5288,26010,36593,36588,36603,54502
5289,10380,10337,24724,10339,10340
5294,39370,38741,39367,37665,39368
5308,73187,73189,73186,73188,37535
5309,73677,73654,73671,73673,73670
5310,73671,73655,73670,73677,73654
5323,39793,37567,37539,37432,72553
5324,38493,73596,72566,36642,37435
5336,52007,51994,36950,54780,52006
5338,35353,10293,36572,73996,10259
5346,37492,37022,37033,37027,39756
5347,37494,37036,37021,38997,36643
5350,37066,37065,37067,37068,37078
5373,74498,37212,74510,74499,37213
5377,33637,37264,37265,37257,37258
5378,68518,32875,68523,37275,37258
5379,27538,67950,27537,26294,37275
5384,73006,37480,37298,54257,37295
5386,36663,37673,37658,39368,37657
5396,39870,39872,39867,39871,37378
5403,37442,36572,36574,37454,37433
5404,37443,37446,37442,37451,38392
5405,37441,37433,37454,36572,36577
5406,37441,37454,37433,37445,36572
5410,39302,12058,32059,38511,54691
5413,73198,73667,73178,32459,73017
5414,72577,72576,37536,9165,82046
5415,39793,73195,39791,37534,37535
5416,32054,39793,39791,73176,37535
5417,32054,39793,37535,37536,38188
5419,32054,37534,39793,37536,37535
5420,73193,37535,39793,73192,73195
5421,73196,73195,39793,73193,39791
5429,72895,37613,72937,37624,37616
5432,52445,7666,7669,37635,7654
5438,38421,38422,37678,37677,38398
5439,72828,71347,35349,32428,35335
5442,72824,73007,37709,72842,37686
5447,73058,79946,28008,37733,28007
5454,73185,73196,73193,73189,73179
5461,38149,38097,37844,37839,7418
5466,37857,37884,37877,37889,37883
5467,37857,37877,37883,37872,37889
5468,41578,41567,41544,41538,41523
5469,37864,37881,37880,30598,30597
5471,37297,37301,72844,36642,70655
5472,74357,36705,33577,37910,39240
5484,37442,37983,37987,37433,37454
5486,73320,73330,73329,73786,52013
5489,33701,33708,34780,34783,36217
5497,37997,38000,38041,38053,38057
5498,38000,38041,38053,37997,38057
5507,42908,38122,42909,42871,38128
5510,42908,42909,42871,42872,42869
5513,53215,38185,38184,72702,37374
5516,7690,7691,7695,72732,72669
5517,32664,37991,8217,10380,10379
5520,37568,37505,37515,37523,37538
5521,50964,7400,50992,38110,38223
5523,38215,38111,38101,7422,38110
5524,38215,38111,38110,37826,7415
5525,38907,38908,38266,38265,38896
5545,73559,51682,5012,51683,51707
5546,39308,38196,37691,37690,38430
5547,9133,37677,36811,38741,52154
5558,38477,38460,39114,38469,38467
5560,10266,38493,32469,38490,38505
5563,38472,72684,32160,74408,38520
5566,73836,73837,38558,73844,73864
5567,73869,73839,73866,73867,39239
5582,36847,38679,38684,38683,38682
5583,34609,34610,34620,34625,34607
5590,39131,38732,72419,39130,39133
5591,43695,80101,80097,80094,43731
5593,73316,72419,73334,38743,73351
5616,39302,73606,37305,74651,74377
5626,32872,38977,38974,32861,6399
5628,74274,74278,74281,74264,74225
5629,37458,37474,32560,38963,38959
5630,53677,37299,53670,53685,53686
5633,74017,39029,39015,39014,39010
5634,74017,39036,39021,39037,39012
5638,8859,8853,3765,8865,8866
5652,38732,72419,39130,39131,38743
5673,72842,39322,72886,72882,36570
5674,39322,39298,39297,72837,72823
5677,39365,39370,39088,33630,73540
5681,38741,36712,36728,32062,60498
5682,38741,37669,38471,60485,32065
5685,74943,74912,74919,74944,39387
5692,67708,74877,36682,74863,74876
5713,74005,39626,73995,39627,73994
5719,53050,53709,53098,53076,53048
5720,53050,53098,53048,53076,37365
5721,53050,53709,53072,53076,53071
5725,42838,39746,75618,39747,39712
5726,42838,39712,39747,39746,39767
5737,54443,39776,32811,54453,54449
5740,37568,37538,37567,37505,37553
5750,37380,37375,37377,37385,37388
5757,42701,79722,39971,79716,42722
5763,53901,37226,53902,39959,39962
5764,53901,53911,53902,53904,53913
5765,53901,39967,39958,53911,39963
5766,53901,39963,39967,39964,53911
5768,80056,39968,80032,80815,80873
5770,41472,41470,41474,41473,41466
5771,80688,41472,65194,65190,65189
5778,27666,27664,27667,27663,27665
5781,27666,27667,27664,27663,27665
5782,36110,27666,27664,27681,36118
5787,43554,43559,43558,43553,43544
5805,24536,65354,65356,65355,57220
5822,60916,40379,40387,40365,40380
5828,32238,44746,44828,44883,41879
5836,28057,25830,28050,25833,28052
5843,40575,64713,49039,23935,55567
5844,80866,40972,80879,80814,63244
5893,45530,40958,45515,45483,45473
5900,40853,40803,40818,40824,40802
5901,80166,22314,41023,22332,41022
5911,40490,9743,40491,9746,9737
5912,40506,40491,40490,23743,40499
5914,40201,80369,80333,80372,80359
5937,79915,41272,79906,79950,79963
5962,40447,82010,22549,82037,82014
5977,15392,15451,25023,15461,22045
5978,25023,22059,22045,22849,15462
5979,42175,42162,42174,42474,81617
5980,42793,41652,41651,41653,41654
5981,42793,41651,41652,41431,41653
5990,44608,34263,75934,76381,75938
5994,53243,41711,37656,73444,37655
6003,41635,41619,41620,41633,41839
6004,44948,44971,44992,44986,44934
6005,53211,31588,44971,44948,7630
6008,38413,44948,54689,44971,7630
6009,80921,63714,41877,63699,27468
6017,34263,43413,43446,80071,65004
6050,41057,45557,45567,45566,45558
6052,15386,15448,15415,79204,79212
6053,42963,42922,42921,42931,42962
6056,79212,79197,76536,42963,42931
6057,79197,42963,79204,42196,79201
6090,70806,44556,42519,70807,70801
6091,62093,42527,62094,16332,42499
6106,40957,80373,40198,80049,39316
6140,43768,43203,42843,43177,43778
6169,76930,45660,76920,45654,76928
6171,44699,43060,44700,76941,44703
6172,44700,44699,76930,44688,43069
6181,61270,72671,61279,61267,21011
6185,35340,43202,81734,44078,43204
6186,35341,35340,35351,44078,43202
6188,42491,42157,43188,41848,43185
6189,44923,44924,43175,43207,43769
6191,21612,43202,80784,21617,21613
6198,43513,81252,80899,42930,80900
6204,18555,18535,77368,15485,43313
6222,75162,43435,43450,75150,43446
6229,9799,24396,24428,43522,17373
6280,49883,49868,31374,49867,31367
6290,79404,79398,79401,25091,79396
6293,82027,21033,42603,20017,82026
6294,16381,44092,16380,20648,44079
6303,44194,44211,44159,44161,44158
6304,44202,44203,44145,44146,44142
6305,44203,44202,44145,44209,44151
6306,44194,44129,44211,44170,44130
6307,44194,44129,43655,44177,44132
6308,44203,44202,44209,44151,44152
6309,44203,44202,44151,44209,44132
6356,81594,25016,41631,22603,25006
6363,72410,72382,79237,42281,46880
6364,72410,51896,80994,46880,80995
6367,24772,24764,24773,20680,19931
6371,80347,44678,44677,44713,44716
6373,80731,44687,43189,43220,43179
6376,44650,44651,44697,44696,41021
6377,25025,25027,44721,44722,82015
6378,21897,9786,21932,21929,9764
6379,41019,21883,14282,81612,22057
6400,44945,44937,80807,80806,43778
6404,77020,15395,77024,44930,44941
6406,79335,80842,76546,79328,44976
6429,81632,81617,45144,81607,81612
6434,80899,45171,62364,80900,80887
6443,81117,45239,45230,81105,45265
6468,40982,41013,45431,45460,45424
6488,44984,45583,22291,44926,45552
6490,14340,14348,14339,14356,14350
6529,46150,45862,46162,45857,45863
6550,747,758,737,46000,736
6557,4160,46051,46050,4159,4153
6558,46043,2091,46606,48809,2089
6565,6679,46096,6683,47663,46097
6581,46219,46234,46220,46231,46230
6586,3210,46209,3191,46226,46225
6596,4554,46294,46295,4548,4549
6603,48090,48098,5606,48099,3748
6604,48099,48098,3749,1254,48083
6616,46312,46395,46390,46394,46396
6617,46587,2901,2902,46412,47972
6618,46444,46427,46428,46419,46435
6624,47769,46434,768,47774,772
6625,46611,47772,47380,47774,3722
6626,48813,5637,46611,47777,2766
6627,48466,48473,48465,48474,48467
6643,1542,1550,1543,1549,1551
6644,1551,1542,1550,1543,1549
6645,1549,46591,1543,46582,46578
6649,2009,4502,2010,46608,48827
6650,49152,2762,2012,49043,2002
6651,48813,2009,2007,47382,47381
6656,6180,46639,46637,6181,6172
6657,46653,46637,46638,46650,46639
6667,2897,46721,48029,2898,46725
6670,45990,46752,46755,759,46745
6674,6136,6822,6135,46771,46781
6679,6423,46814,31796,6428,46806
6683,46858,46857,46840,46861,46851
6694,48080,48079,48093,48087,48096
6695,48080,48079,48087,48093,48889
6703,46984,60281,46507,60314,46995
6704,46988,47125,1429,47135,47127
6710,48390,48562,48911,48908,48242
6738,45755,47232,47225,45758,45757
6740,48772,48791,48773,48393,46982
6749,27308,27317,27334,47300,47306
6772,49482,9834,9827,9822,9813
6782,59155,59154,59156,59160,47522
6793,47654,45976,1106,740,47794
6800,8100,47669,1454,8124,2786
6802,46592,1550,47701,1542,47697
6805,1550,46592,46225,4103,46310
6811,5616,5637,47765,47380,5615
6812,5616,5637,2019,5624,47775
6813,5637,5616,47765,5624,5636
6814,5616,5637,5624,47785,5636
6815,3745,3735,47770,47771,47772
6816,2183,48574,1445,3598,46973
6817,48919,48920,48562,48390,47794
6818,1551,46573,48578,47799,48562
6821,47888,47880,47874,47867,47887
6827,47824,47876,47872,47875,47877
6828,47824,47875,47877,47889,47884
6833,49583,49623,49622,49645,49576
6837,47898,47910,47911,47909,56632
6876,3997,48150,48155,3996,48149
6891,5524,48247,48233,5505,5509
6896,48245,48246,48256,48257,48250
6897,48246,48245,48256,48257,48250
6910,48926,1534,48564,431,48577
6913,48558,48387,48408,48382,48379
6914,48558,48387,48391,341,48382
6933,46983,48562,48390,48557,48561
6975,391,3381,48713,42,680
6989,46928,46922,48080,46923,48906
6994,5593,3543,5587,48242,5592
6995,47619,47631,3231,3242,3251
7002,2356,2357,2360,2359,2349
7010,50035,49066,49065,49055,49060
7028,46753,1947,49215,46558,1948
7038,6632,6625,6629,6626,6631
7040,47506,6701,6703,66918,65382
7046,61340,8127,51942,49276,51943
7057,50025,49382,49409,49381,49898
7058,50019,49851,49409,50025,49381
7067,47352,47479,67268,3653,3646
7073,67748,49520,55516,49531,49521
7093,54295,9243,54306,54318,9245
7112,74504,49858,74503,60589,10342
7113,73497,73508,74537,73507,38873
7120,62887,62802,49897,62906,62898
7128,49857,50859,54101,53906,10537
7152,49342,50187,50156,50168,50188
7155,60482,60452,60124,60116,60461
7156,50113,49205,46909,47738,16900
7161,50181,50158,50135,50162,50132
7162,49911,49887,48264,49869,47042
7164,73101,73100,50259,73150,4333
7174,38199,7715,7719,7716,7713
7176,51677,51517,50659,50963,53255
7180,52046,52045,52166,52044,70081
7181,81781,50353,50347,81766,81775
7189,50441,50429,50423,50434,50424
7190,50441,50429,50434,50428,50423
7192,50341,50395,50397,50382,50394
7196,53899,73921,53900,53895,53880
7208,50562,7688,7689,50541,7690
7210,50554,50553,50542,50562,50551
7216,50515,18692,18651,18669,18690
7232,72820,54774,72819,54766,72664
7234,10375,50807,50784,10361,53635
7240,10368,10367,10353,10352,10381
7245,50853,50834,50835,50832,50943
7246,50853,50835,50834,50830,50832
7249,37840,37833,37847,50301,54062
7256,49153,2984,50852,49172,50856
7266,53207,53203,53218,53274,53227
7272,51067,51030,51025,51026,51040
7276,9613,9612,53424,9609,53413
7278,51183,49808,49823,9424,49778
7280,10600,47901,46927,10596,72897
7297,51477,51259,51206,51146,51245
7298,51477,51227,51146,51224,51245
7308,51760,51749,50774,52104,52099
7326,8072,8073,8071,8086,8446
7333,54756,51562,51932,51563,8631
7334,52101,52100,10375,52090,9853
7335,50981,51525,51546,54269,51569
7350,7866,7868,73665,7869,73655
7352,52483,52471,51636,9081,52485
7353,54510,51641,54511,54503,9806
7354,51641,54508,54510,9806,54493
7355,51641,51651,51650,9806,9807
7356,51641,50608,51651,54513,51650
7358,1948,5243,5244,2247,1953
7359,8968,8985,51688,8975,51694
7361,8967,51678,51686,8966,8983
7369,37916,50774,50775,50788,51876
7370,50795,51758,51876,50775,50788
7383,54655,54654,51869,54673,74452
7385,74438,31862,51890,74432,30314
7395,51983,50795,50772,50789,51984
7396,51984,51981,51982,51999,51988
7398,53861,53858,53859,54286,52005
7399,20654,20346,42249,42303,51989
7402,54201,54230,52015,54210,54241
7405,51873,52047,52046,52037,52050
7409,51998,52108,52109,51831,52104
7410,51831,72448,51999,72445,52109
7416,9121,9122,52145,52144,52147
7448,7321,7329,51536,7712,7711
7449,53430,53442,50352,53429,53437
7450,10371,10356,10329,52962,51013
7458,37568,9076,39793,50580,54783
7459,50580,52493,54798,9919,50584
7460,22768,52586,22790,52488,53534
7461,51552,22790,51535,51534,22797
7464,53310,74229,54060,43900,9064
7465,52597,43900,52598,74272,74267
7468,51326,51331,51109,51327,51354
7469,51359,51273,51327,51282,51277
7470,51276,51327,51359,51358,51352
7471,51276,51359,51358,51277,51327
7473,10156,10190,10151,10196,51083
7474,10136,10164,10151,10135,10161
7476,10091,10096,52572,10087,52562
7482,23869,23875,23866,52610,23879
7498,54221,52729,52717,54240,51513
7508,73482,53261,52790,73481,54775
7517,7821,53644,53648,53641,53637
7518,74916,74910,52788,74908,74919
7521,32640,53607,52895,53613,32647
7528,53953,53955,53991,53952,7794
7547,8357,8355,8359,8358,8354
7558,51899,51900,51884,53155,51883
7566,53269,53268,53250,53251,54559
7571,73763,53222,53268,53221,53208
7579,51868,51861,51867,51817,74918
7594,7741,53438,53455,9141,53431
7609,52320,37396,52319,53551,54670
7611,54249,53555,53556,54529,53274
7626,72817,72875,51761,10364,7691
7633,8050,53694,8063,53724,8049
7637,53541,53537,32544,51769,53536
7649,53847,53831,53842,53832,53829
7650,53218,53274,53251,53227,53209
7665,54784,53984,10372,7828,22800
7674,74457,82148,73747,52036,74466
7676,8416,53656,54047,54486,54260
7680,9637,54084,54081,54071,54080
7693,53608,53620,53614,53619,7783
7701,54308,54314,54302,54347,54331
7703,53203,38499,53222,10322,54273
7706,52105,52089,53631,52099,52104
7710,74781,53255,74775,74837,50963
7717,10262,54365,54799,54354,54800
7731,53406,54476,53399,7606,53407
7732,7607,7616,7610,53399,7621
7734,54759,54771,53637,54762,54477
7739,73722,54526,54541,54527,54525
7741,53208,53235,35337,54540,53207
7759,51892,54662,54666,54652,54660
7760,51892,51869,51906,54652,51870
7761,51892,51869,54652,54662,54658
7762,50772,50782,50783,50794,51892
7775,54679,52022,54731,54753,54733
7776,54679,52022,54753,52015,54730
7777,37294,60954,43121,72552,36479
7779,52570,10091,10096,52562,52568
7781,52012,54799,52007,8207,74378
7787,52825,54843,52845,52829,54837
7789,50476,54852,50454,54847,54849
7797,59665,7210,54915,7206,7205
7845,55798,55240,55243,55250,55824
7854,58779,11955,28038,55311,28041
7855,56474,56479,56473,56463,56476
7862,59513,55363,55362,55343,55344
7871,60205,60200,59260,60203,60191
7874,63212,55433,2498,57904,4621
7892,43024,43025,43013,43010,43041
7899,57642,57641,57657,57614,55590
7939,55969,55966,55967,59749,57907
7940,55969,59749,55967,55966,57907
7942,55929,55930,55966,55969,57906
7955,56183,56182,56185,56268,56023
7956,56182,56184,56185,56015,56017
7980,56691,58958,58117,58960,58121
7981,58010,57875,56639,57874,57861
7982,57802,56220,57801,57800,61722
7993,13452,13441,58404,58405,58397
7999,58115,58117,56339,56340,56185
8008,58015,56398,56407,58024,58016
8013,57405,60147,58832,60133,58911
8019,55117,56466,55118,56470,56467
8057,11694,56782,56791,11706,11692
8058,47671,56765,2010,46608,56791
8065,17110,56768,56757,56746,17076
8067,60782,56800,56799,59128,60781
8088,57875,57576,56973,57575,57567
8092,56639,57024,58010,59528,57019
8093,58010,56639,49767,57874,57462
8101,11140,58165,58173,58175,11146
8113,55633,57166,57183,57191,57133
8122,57431,59702,24472,57447,57425
8127,60382,57351,60362,60381,60361
8129,60370,60382,57351,57324,60381
8131,60374,60402,60391,57333,60407
8139,57875,56633,58010,56639,57496
8146,59555,60527,58499,60332,59540
8147,58001,58004,58009,57484,57483
8148,56633,55071,55061,56639,59253
8183,59603,57726,2896,72018,57717
8204,59556,57872,57873,57013,56278
8205,49786,57742,49821,58103,59730
8232,56186,58492,58010,57875,56432
8233,56432,56186,58010,57498,59599
8241,61401,61402,48297,61370,59464
8247,57402,56191,57395,58114,57400
8248,57390,58125,56190,56191,56781
8251,60217,58140,58147,58148,58132
8258,59017,12454,12465,12466,12453
8275,11160,58320,58359,58335,58336
8276,11160,58335,58320,58336,58338
8332,58204,58718,60040,60077,56199
8333,56734,56794,56795,58734,56770
8334,60076,60074,58728,60075,58714
8335,60075,60076,60079,58714,60074
8341,60129,60125,58435,58427,58780
8342,60764,16781,60801,59136,65037
8343,19221,59747,19223,19222,60764
8385,57438,57466,57455,57434,57435
8395,57467,57440,57444,11124,57503
8396,57462,57467,57440,57444,56639
8415,57844,57447,59254,57446,57846
8418,59828,54967,59831,59829,59269
8422,61061,61063,61064,61062,50662
8423,61061,58738,59468,61064,55436
8424,61061,61063,50662,61064,61062
8425,61061,58554,58547,58550,55436
8428,59539,59527,59540,59528,58011
8429,59712,59343,59943,57381,59340
8430,46873,46876,46866,46863,46868
8442,59686,59428,59690,59421,59427
8464,57098,59217,57094,57106,47139
8465,59223,59608,60343,57714,59735
8469,1183,1180,1179,1177,59592
8473,58437,29909,80455,55965,58441
8478,59910,59915,59914,59912,59659
8492,62078,59721,59718,59619,59722
8493,61961,61960,59618,61967,61928
8508,56646,59975,63229,59977,59713
8532,57874,58010,58121,58492,56328
8538,59818,60597,55698,56636,59600
8543,60216,60217,60219,60212,60011
8553,58723,58715,58728,58722,58721
8554,58722,58724,60083,60073,58721
8566,59540,59555,60131,60147,11326
8567,62113,62114,59540,59555,62096
8571,11982,59730,16717,11994,11991
8580,60019,60018,60014,60015,60220
8581,60019,60014,60018,60212,60220
8588,60319,60318,60333,60295,60328
8589,60333,60340,60342,60334,60339
8593,16276,16281,60287,60277,19709
8595,63240,63254,63258,18665,63272
8604,57348,57360,57355,57320,57337
8607,72404,60365,60391,60366,60402
8613,54824,60443,60438,60444,54819
8624,69137,21288,9870,68809,60506
8634,55096,60599,60608,60600,55097
8635,55097,55096,60599,55094,55084
8638,16979,16971,59240,58914,50588
8639,31903,60616,60617,31926,31928
8643,49911,49864,31262,60695,69137
8645,49807,49773,49787,60642,49806
8646,31250,68770,31107,31253,31289
8647,30792,49911,31250,31217,31219
8649,31271,31250,60662,31107,31289
8650,31250,9172,49864,9170,30780
8651,69137,49864,69145,49911,49898
8654,56595,60729,56596,60732,60733
8656,72178,72177,62369,72181,58766
8658,55250,55249,55239,55258,55240
8661,56807,56802,56803,62096,60309
8672,6581,60982,22069,63222,22095
8673,80817,60894,18543,63270,50855
8674,54260,37036,52029,52036,52006
8675,60889,60894,60899,60661,60902
8681,60662,37193,37503,60930,49976
8682,61120,60930,72561,30837,61105
8687,16288,12130,16286,16280,18130
8702,57340,61095,47080,47060,61096
8726,61336,61350,61294,61333,61330
8730,61311,61295,61294,61354,61359
8731,61294,61336,61295,61322,61311
8737,62097,62071,19238,19237,55312
8763,7794,61636,61593,61572,61638
8772,44582,44588,44581,44587,63110
8788,61724,40553,61769,56260,61723
8789,61733,61732,61751,61723,61750
8796,50007,50026,50019,50138,60671
8797,50026,49986,28944,9768,63929
8807,62872,62871,60577,62830,61870
8818,61635,22261,10605,21181,23254
8826,63067,60527,62060,59735,59362
8837,20837,20849,20840,62162,20844
8838,61705,61696,61699,20840,17159
8839,20843,20848,62166,20847,62158
8840,20848,20843,20847,62158,62164
8856,62325,62320,62324,62307,62316
8874,60983,36666,60408,38170,60982
8875,63949,62449,47738,62436,21289
8881,37341,16668,16671,54859,62048
8882,16651,16660,16635,16620,16623
8888,80101,62521,80094,63192,25070
8906,21285,21284,21335,18620,63219
8910,21507,18144,18143,18123,18150
8912,55011,54971,54986,54985,13501
8913,17121,21284,17142,17120,17215
8917,22901,22902,17238,22909,22900
8937,18296,18297,18320,18303,18259
8940,62807,62825,62898,62808,62821
8953,20382,18088,42841,61252,18105
8985,63163,61281,63228,63258,17023
8987,16873,63228,63248,63221,63230
8988,17052,60644,63248,17013,63238
8991,25096,40385,25085,25065,18533
8992,63287,63288,63286,63289,63294
8993,60974,60978,60973,25059,30948
8994,16183,63293,40535,63286,63285
8998,58962,63318,63334,63321,63331
8999,58962,63318,63334,63346,63319
9035,24645,63591,63608,24646,24649
9044,50255,62628,62614,62639,62592
9045,61954,61965,61909,63709,61953
9062,20110,20117,63853,63832,63862
9063,20117,20066,63861,63835,63853
9064,17052,63883,17029,17032,17027
9066,15374,62467,11996,60585,17052
9070,17549,17582,17550,17572,17576
9076,16781,63939,63938,63942,63944
9077,16882,16902,80695,20032,20029
9083,63889,63991,63981,63982,19269
9100,75868,75881,64113,78769,78781
9128,69171,69179,69176,69168,69160
9129,28575,64322,28576,28563,28560
9130,28575,28576,28560,28570,28565
9138,28746,25477,64360,64370,65363
9157,65943,64494,64510,64518,64506
9191,27737,65042,64749,64756,65044
9199,33707,32961,33705,33687,27926
9205,67913,67895,64534,67894,67905
9214,43455,54976,43433,55025,55629
9236,28616,28633,28632,28639,65007
9265,26064,65194,65440,26512,65452
9297,79651,79636,79653,79650,79654
9303,66699,65437,25846,65440,25845
9308,28776,28775,28782,26256,31585
9309,65165,65181,65154,65158,65157
9314,65185,65509,65533,65530,65521
9321,29645,28524,29619,29643,65559
9354,68308,65791,68304,28357,65790
9370,28958,31377,27530,27538,27585
9377,31229,31255,31273,31256,31274
9383,65023,65984,65974,65983,65031
9389,25879,65970,65267,65271,29165
9390,30310,27797,27807,30292,46906
9391,26057,26064,26056,26059,27640
9394,79487,64666,64644,64660,66033
9395,64666,64644,64645,79487,64651
9403,29167,29155,29171,29170,29158
9404,33095,33094,71963,33107,46401
9438,33302,33305,33297,33298,33285
9451,66479,66437,66438,66447,66448
9452,66479,66437,66438,66447,66448
9461,66472,66522,66520,66519,66518
9464,25675,66570,66553,66552,66559
9465,25675,66577,66576,66552,66547
9467,68170,77586,77585,77592,77590
9473,26739,26746,66620,66698,66701
9494,30372,30363,30375,30364,30377
9499,26521,28511,66795,28502,66794
9525,66646,66654,66669,77675,77691
9527,35041,71274,71278,71269,35042
9533,65708,28116,65705,67073,65706
9557,67204,67157,67182,67268,29366
9561,68385,67293,67210,68387,68386
9581,35529,69537,69541,69557,69556
9582,27407,27405,67418,27402,27399
9601,37936,67555,67551,67567,37924
9612,30199,65754,28781,59063,65747
9621,31036,31051,67714,67723,31045
9629,41833,41814,43888,41843,41854
9634,66481,66535,28902,66524,66472
9635,66524,66525,66535,66541,66526
9650,78890,67942,79850,67941,78903
9652,25817,25816,25826,25828,59072
9658,28717,28718,28730,28722,28731
9672,25819,68098,68113,28503,68095
9701,68305,65269,65267,65270,65258
9704,30090,29374,28480,25509,28377
9705,34924,27641,29726,47780,34908
9716,31079,31116,31130,47352,2554
9717,67220,67235,68381,67229,67273
9754,49321,68675,29462,29448,49347
9764,30813,68745,68737,68742,30782
9767,65368,26224,65369,65361,68774
9768,17833,17844,68769,17845,10601
9769,27572,27580,68774,27571,68795
9785,68923,68912,68921,68903,68902
9786,68921,68923,68912,68903,68902
9791,60550,8269,67258,31768,63215
9819,68677,31265,68689,28837,50164
9820,31127,31406,69137,69022,31257
9821,30859,30865,30864,30854,30858
9822,30012,8012,30865,31060,8011
9829,31072,30620,72616,80372,80349
9837,28771,69308,70268,70271,28778
9851,69382,69381,69374,69384,31982
9853,28293,69372,69383,69371,28303
9946,71708,70074,70088,70047,70093
9948,71715,70012,71708,70015,70067
9968,72861,33115,33449,33119,72849
9973,37240,70203,37225,70210,37239
9997,36285,70348,70350,70349,70351
10000,40282,36539,70374,36552,40258
10001,70407,70417,70418,70394,70406
10013,34834,32998,32993,36099,34505
10030,34999,33189,33197,72231,70863
10037,53726,38522,38520,72515,73691
10038,53569,73692,70619,73759,73691
10045,72597,53753,53569,74926,72647
10046,53569,72597,72596,72581,73740
10054,33825,70724,70717,71731,73307
10058,72880,72835,72887,72811,72878
10074,64727,34225,34215,64712,34639
10075,33549,33544,33547,33546,70565
10095,34054,34057,34058,34067,34065
10096,34065,34058,34064,27479,34057
10097,79242,79241,79244,78297,76221
10109,69877,71071,69865,69861,69876
10117,70566,70565,71156,70555,71155
10119,71234,71173,71177,71183,34149
10125,70927,70924,70917,70923,70918
10153,37613,37622,37614,74814,74813
10170,40978,36099,33254,33252,33251
10178,54235,54213,54189,54193,54188
10184,71267,71269,71278,71273,71279
10193,54797,53653,70256,74249,54798
10199,71129,71133,71128,71137,71132
10202,70019,70067,70074,70032,70012
10203,70019,70013,70008,70086,70012
10204,70012,70019,70074,70067,70032
10207,72021,70713,70718,32910,70714
10208,71207,73319,73314,73834,72028
10247,71749,32910,72485,71734,71746
10248,34810,30360,30367,35958,72109
10256,34945,34948,38115,34949,34944
10269,30530,72155,72166,30528,72169
10274,70858,72234,70863,70864,70865
10309,74934,52492,72531,72530,72529
10310,72572,74223,72575,72566,74277
10311,54489,36939,72555,10259,10305
10312,22797,8417,22800,22757,22787
10313,37371,72573,37388,54047,72688
10314,37574,32555,32547,72705,37573
10315,74500,74498,74487,72634,72581
10316,54691,51523,50856,50857,74277
10317,39625,37537,39624,71392,73732
10319,74487,73036,74500,74497,73043
10320,73026,72610,72585,73043,74487
10321,70609,70610,54547,53734,72581
10323,72732,69291,22794,68898,68897
10324,32144,37383,32140,38356,32151
10326,53540,53541,53537,53534,53539
10327,37573,52493,52498,52482,53539
10336,51112,73797,38059,73781,73770
10342,73736,72879,72810,72838,72848
10361,74361,73196,36941,54348,73191
10364,38218,72999,38219,37049,42513
10365,72619,54472,72591,53850,72581
10366,52006,52012,53209,10320,60543
10367,51783,73699,51795,51788,73034
10368,51783,51795,51775,73021,73032
10369,74250,54798,53734,74229,74260
10370,74276,54798,73041,54786,38359
10378,51616,51597,51582,51617,51574
10382,51582,51583,33388,51615,51617
10386,72553,7652,7630,7631,72556
10405,32052,73316,32055,52095,32051
10410,72675,7513,72694,73389,7520
10425,73593,73744,73741,73717,73587
10427,37427,74483,73725,38978,37425
10430,70440,73548,35197,10287,35964
10433,73590,73551,73569,73545,73544
10434,73590,73569,73544,73545,73551
10439,31231,74933,53965,38511,73738
10443,54082,38188,36944,32054,72844
10444,8642,36839,36704,54082,73657
10445,37302,37301,39045,36839,36646
10446,38334,72999,37426,74049,38361
10447,32554,38359,38334,70677,38371
10452,60988,42067,42052,60981,60996
10455,72594,72581,73757,73758,73747
10457,36649,73733,36648,50863,73744
10458,72848,73739,73762,72872,73750
10464,41812,80770,44143,80774,80780
10467,30426,38572,42104,42114,45580
10470,37082,37081,37083,73822,37084
10474,73770,39508,38757,38755,39534
10475,72779,39506,39562,72737,54020
10478,73961,73909,74733,73926,73937
10487,70365,39626,73996,38216,39627
10488,70365,9398,32462,37503,32475
10489,9398,9399,53557,50511,37503
10498,45234,73614,74056,36677,73194
10512,73213,73212,36697,38766,38767
10524,43901,43952,38692,44001,43900
10525,73037,73038,54798,38359,74250
10534,32690,74352,74347,74322,74351
10545,40265,40322,40294,40321,40253
10546,70651,74426,74441,74398,74442
10551,38344,38336,73744,73341,73593
10552,31908,33501,31937,31931,31906
10553,36644,37299,37297,73766,72837
10554,39296,53674,39295,39284,39308
10555,39296,53674,39295,53671,37711
10562,59393,4335,28184,4334,28195
10570,32640,74615,74614,74592,51814
10602,71387,74781,74776,35768,74853
10609,73563,74271,73543,74270,73556
10615,72531,74935,74924,72512,74923
10617,70629,53324,53323,53313,53332
10633,44662,44681,44682,75091,75072
10658,77691,77675,77690,77692,77696
10659,77674,77675,75234,75240,77694
10663,75631,79333,77376,75308,45120
10664,66100,45056,26186,45078,80742
10667,75616,75326,75373,75618,75628
10713,79787,75620,75627,79768,75630
10719,76516,76542,76576,76540,76521
10784,14570,76117,14555,14568,14567
10829,76506,76507,76437,81290,75987
10830,76557,76447,76479,76436,76476
10864,77158,77159,77473,77148,77171
10869,79327,79335,79318,79334,79317
10870,78920,79335,79334,79320,79327
10871,78920,76705,79332,76706,79327
10888,79026,76840,78760,76838,76844
10890,77502,77493,77488,77499,77492
10892,77765,78944,76876,76870,78924
10963,79015,79016,79012,77362,77363
10964,77555,79331,76696,78910,79328
10983,15308,15313,15314,15304,15303
10991,78155,78174,78156,78161,78005
10995,78549,66663,77685,77701,77700
11000,76323,76883,77611,77610,76877
11014,79401,77718,77720,79405,79406
11024,78490,78489,78491,78493,78481
11032,77201,79846,32413,79711,79712
11058,78008,78000,78016,78005,78009
11059,79846,77991,77201,78298,78735
11062,11392,13645,42799,13643,78011
11080,79593,79575,24730,79576,24727
11099,22950,78300,22949,22956,78291
11100,11923,11920,11935,11914,77354
11117,78087,78080,78077,78425,78082
11120,78084,78082,78087,78083,78446
11161,32377,78711,32257,78710,32316
11171,76840,13377,78758,79026,13384
11209,76835,43689,76500,76508,43720
11214,78755,78765,79247,10989,76664
11215,10989,15208,13026,28357,78755
11216,15488,79029,79043,15491,22649
11233,76500,76498,76508,76511,76497
11250,79251,79243,79249,45323,45322
11251,79249,79251,79246,79243,79244
11253,77797,77802,77800,77801,66692
11254,66693,77797,66704,77802,66692
11260,44958,44966,80876,44950,15358
11282,79640,79465,79464,79461,79459
11284,79454,79640,79452,79458,79451
11285,79458,79457,79454,79451,79453
11286,79456,79602,79451,79452,79640
11287,79456,79470,79471,79480,79602
11293,14120,14119,14112,14132,14129
11297,76879,79553,79541,79545,76878
11302,13059,13061,13068,13060,13065
11303,79451,79452,79467,79454,79458
11304,79451,79454,79452,79467,79458
11308,79618,79646,79644,79645,79649
11311,79618,79646,79644,79645,79647
11334,79801,79807,79808,79802,79806
11343,79885,22871,79884,79871,22872
11344,79885,43810,79871,43806,17539
11381,43960,43959,43981,43922,80133
11388,42831,20381,80149,21612,19831
11391,44581,81462,81534,81489,80223
11400,45498,80265,80262,45477,80304
11418,44664,44657,42691,44663,44656
11419,44661,43192,44657,42691,44656
11423,20164,80430,80415,20163,80408
11444,79015,80570,80601,80576,80603
11458,32324,80691,32316,80690,32309
11472,43135,80773,42104,80137,80775
11478,80053,80087,80073,80083,80047
11514,31373,28268,31363,44186,81072
11536,37282,81968,81083,25058,43661
11548,40306,40302,40303,40312,40249
11553,80355,80337,80358,80385,80376
11559,78154,77839,78163,81375,81387
11561,81343,81336,81359,81334,81368
11579,61665,42854,37843,61650,61648
11603,39200,35340,39193,81741,41447
11627,42971,42990,15161,42986,42976
11642,44176,44187,44188,25165,44149
11646,82134,37376,82052,82041,72674
11654,74909,74910,74916,82144,72684
11657,38351,82157,82124,82144,72812
