0.08465192,0.10096258,0.10554335,0.10646896,0.10714395
0.13195299,0.13282505,0.13683073,0.14094469,0.14425620
0.11323950,0.11356462,0.11570494,0.12208614,0.12255330
0.11623972,0.12413567,0.12786298,0.12975998,0.13370000
0.04772495,0.04816083,0.07412971,0.07502291,0.07718690
0.10437909,0.11477366,0.12430277,0.12489931,0.13293043
0.10109644,0.11486562,0.11888234,0.12117457,0.12468721
0.11049359,0.11498421,0.12606116,0.12912098,0.13093589
0.13871258,0.14573500,0.16665946,0.16699062,0.16855563
0.15357400,0.15989634,0.17341824,0.17925197,0.18395244
0.14192098,0.16045709,0.16141193,0.16141193,0.16252674
0.09684121,0.11335701,0.11531331,0.11791621,0.11825487
0.13059798,0.13222852,0.13406405,0.14643124,0.15634874
0.18656978,0.19041571,0.19276674,0.19767357,0.19915800
0.10827748,0.11111653,0.12448262,0.12596543,0.12935264
0.11379901,0.11764906,0.11874123,0.12234166,0.12662025
0.10517857,0.12522991,0.12742712,0.13405374,0.13546172
0.06457879,0.06761397,0.07073489,0.10205650,0.10372699
0.14724764,0.14970291,0.15225251,0.15306613,0.15477520
0.17188182,0.18315592,0.18427572,0.18431118,0.18664701
0.16063917,0.16138326,0.16393921,0.16409703,0.16498898
0.10063303,0.10132158,0.10167335,0.10197631,0.10281175
0.09560006,0.09760610,0.11081206,0.11314878,0.11547117
0.12480951,0.12840028,0.13280983,0.13529031,0.14051664
0.14092129,0.16050172,0.16147484,0.16358991,0.16739771
0.15299021,0.16014767,0.16159001,0.16179663,0.16247329
0.08733537,0.08901059,0.09147654,0.10100269,0.10350632
0.09692707,0.10411284,0.10488811,0.10642224,0.11651241
0.10453146,0.11190891,0.11664562,0.11740956,0.11986477
0.09810611,0.10250109,0.10263037,0.10832475,0.11398785
0.10925025,0.11865175,0.12017053,0.12667345,0.13686381
0.13332036,0.13634086,0.14059204,0.14609782,0.14886251
0.14769435,0.17750834,0.18026264,0.18144965,0.19204931
0.10968216,0.13040416,0.13391136,0.13751315,0.13828704
0.12378062,0.12397850,0.13945176,0.14182842,0.14451793
0.14623745,0.16169578,0.16492924,0.16825436,0.16930959
0.15755185,0.17733738,0.17891204,0.17901182,0.18822840
0.14290552,0.14611810,0.15246177,0.15272868,0.15750252
0.16433963,0.16934900,0.17014031,0.17986929,0.18070541
0.14359993,0.14593583,0.15377176,0.15662682,0.15875868
0.13630208,0.13906088,0.14414056,0.14459231,0.14700870
0.15391128,0.15922257,0.15954390,0.16032913,0.16298670
0.09311418,0.09578806,0.10144769,0.10963486,0.11940388
0.14006791,0.14876772,0.15230259,0.15304263,0.15770386
0.04957750,0.05539432,0.05613202,0.05658225,0.05701564
0.12863654,0.14721842,0.15009411,0.15290320,0.15370597
0.12118931,0.12420061,0.12676093,0.12751499,0.12992433
0.11634724,0.13416259,0.13450545,0.13764136,0.14408013
0.15122901,0.15940830,0.16191839,0.16603801,0.16616625
0.12469406,0.12974924,0.13437161,0.13785669,0.13904873
0.13474144,0.14055026,0.14925776,0.15671009,0.15684004
0.13248070,0.13430947,0.13905555,0.14051935,0.14133333
0.11745039,0.12791488,0.12972522,0.13051854,0.13259020
0.16971767,0.17387788,0.17902550,0.17953621,0.18022028
0.19484732,0.19558197,0.21143925,0.21155502,0.21216856
0.15410982,0.17080522,0.17090966,0.17172295,0.17185794
0.12804896,0.13330005,0.13702346,0.13967837,0.14137793
0.08544252,0.11235761,0.11843354,0.11877477,0.12525764
0.17080362,0.18320577,0.18545547,0.18644145,0.18659931
0.14227891,0.15170206,0.15641570,0.15761521,0.16128930
0.11007413,0.15317141,0.15365541,0.15688150,0.15823266
0.16703650,0.17187899,0.17324977,0.17330112,0.17453898
0.14596307,0.15209897,0.15307708,0.15447493,0.15516835
0.13507931,0.13872223,0.15714011,0.16054784,0.16258825
0.16823220,0.16875483,0.17309573,0.17987765,0.18149514
0.05142765,0.05230197,0.05278168,0.05350032,0.05408610
0.15064780,0.15249617,0.15754414,0.15972407,0.16562533
0.11506832,0.12031630,0.12838568,0.13175978,0.13290219
0.13188499,0.13192655,0.13407299,0.13709691,0.14947483
0.03846142,0.11339892,0.11935855,0.11994170,0.11996479
-0.00000008,0.12096761,0.12320825,0.13644728,0.13760859
0.10319903,0.10913673,0.11096670,0.11360297,0.11560296
0.09468488,0.09632412,0.11272632,0.11551924,0.11865578
0.13443343,0.13888252,0.14208850,0.14667308,0.15196195
0.10585344,0.12040667,0.12118086,0.12186062,0.13258937
0.06758218,0.06776407,0.07556206,0.08297844,0.08932318
0.11303856,0.13275872,0.13786493,0.13806188,0.14362344
0.12331198,0.12807503,0.13856629,0.14180073,0.14549135
0.12205407,0.12574649,0.13702233,0.13963805,0.14080106
0.12713179,0.12836811,0.13993183,0.14281480,0.15006994
0.16180040,0.16465062,0.16837534,0.17102559,0.17332296
0.08817558,0.10550032,0.10700078,0.11460930,0.12004326
0.11102375,0.12825617,0.13046235,0.13626662,0.13643065
0.08798099,0.09454719,0.09870234,0.10087349,0.10275195
0.09468855,0.09539537,0.09695901,0.10294338,0.10474657
0.10173142,0.11351752,0.11918974,0.11962310,0.12240820
0.13779932,0.15192911,0.15226047,0.15239328,0.15301496
0.13300465,0.14403141,0.14466175,0.14575525,0.14829549
0.12131360,0.14439940,0.14558846,0.14783466,0.15081839
0.12491123,0.12885171,0.14172603,0.14308143,0.14474541
0.11855338,0.12262964,0.13386482,0.13584548,0.13587992
0.11912201,0.12454867,0.14822455,0.15112875,0.15522416
0.15930669,0.15959701,0.17192660,0.18123350,0.18986604
0.12908648,0.13284993,0.13513979,0.14069419,0.15326640
0.11033580,0.11367033,0.11731875,0.11794855,0.12201539
0.05692741,0.06604651,0.06841869,0.07592672,0.07742017
0.09301713,0.11518271,0.11646899,0.11805415,0.11839231
0.09352235,0.10698199,0.10715833,0.10825485,0.10964230
0.15293117,0.15515262,0.15892315,0.16326705,0.16614105
0.04028416,0.04128609,0.04703271,0.05195824,0.05853004
0.03539026,0.04069608,0.04391443,0.04500020,0.05188856
0.09837714,0.11210261,0.11211295,0.11451334,0.11647784
0.09474035,0.11713709,0.11950073,0.11951844,0.12078063
0.07648353,0.09893022,0.10157984,0.10431319,0.10737544
0.10558122,0.10976744,0.11074183,0.11100625,0.12230362
0.11946484,0.12173611,0.12607729,0.13049255,0.13148622
0.14509743,0.15091616,0.15306032,0.15323494,0.15473649
0.09111577,0.09510110,0.09756164,0.10112083,0.10583652
0.12044502,0.12196772,0.12687837,0.12833644,0.12864517
0.11083050,0.11378868,0.11979710,0.12353623,0.12555942
0.10352533,0.10599407,0.10894408,0.12244304,0.12289994
0.10356088,0.11206309,0.12317082,0.12727825,0.12920628
0.11336733,0.11457967,0.11972130,0.12888023,0.13584800
0.14065404,0.14402072,0.14532880,0.14656141,0.15416037
0.08339490,0.09139677,0.10535983,0.10697675,0.10778019
0.14227462,0.14259352,0.14502272,0.14652428,0.15886877
0.11820605,0.11849743,0.11894003,0.12317234,0.12550642
0.10826640,0.11968076,0.12684630,0.12686183,0.13482708
0.17371848,0.18495744,0.19211337,0.19372648,0.19414891
0.13033743,0.13043234,0.13331300,0.13427594,0.13516720
0.14065254,0.17142998,0.17220849,0.18476850,0.18524568
0.12647125,0.13403350,0.13495469,0.13513149,0.13717584
0.00000036,0.04718076,0.07912408,0.08239138,0.08825578
0.15884611,0.16329116,0.16374621,0.16871150,0.16967717
0.10889970,0.11635004,0.11964570,0.12983954,0.13067189
0.02324265,0.05599264,0.07977907,0.08003180,0.08301084
0.00000000,0.05692504,0.06694937,0.06787650,0.07232892
0.16034038,0.16202195,0.16626306,0.16626306,0.16704249
0.12976462,0.13877589,0.14067197,0.14748158,0.14762001
0.11912321,0.12042616,0.12267807,0.12315264,0.12411641
0.16880180,0.17458934,0.17681654,0.18183118,0.18491367
0.17286310,0.17872387,0.17901239,0.18016621,0.18160506
0.17182288,0.17248204,0.17332157,0.17500106,0.17507748
0.16553129,0.17333925,0.18167929,0.18214616,0.18504515
0.16671725,0.16755597,0.17428486,0.17622504,0.18039142
0.11704780,0.11964388,0.12021530,0.12049755,0.12831262
0.13008006,0.13197680,0.14164685,0.15054925,0.15104887
0.13808918,0.16382328,0.16386335,0.17053393,0.17108549
0.15706813,0.16332623,0.17477365,0.17929409,0.18164210
0.06193206,0.06424126,0.07554995,0.07757645,0.07965765
0.08381356,0.08816067,0.09481352,0.09590662,0.09780172
0.07538775,0.07967903,0.08205580,0.09188884,0.09210045
0.17446785,0.18056232,0.18503591,0.18531564,0.18697594
0.13943753,0.15262584,0.15457903,0.15891811,0.15997809
0.10300831,0.10629744,0.11173924,0.12085544,0.12346008
0.11773594,0.11965856,0.12433429,0.12839669,0.12847453
0.10192730,0.10867523,0.10943585,0.11516760,0.11588949
0.08532825,0.09358557,0.09502729,0.09596612,0.09645525
0.10532048,0.10778374,0.10825163,0.11142872,0.11156278
0.12908509,0.12959416,0.12973581,0.13099009,0.13374123
0.12308313,0.13014679,0.13017252,0.13196942,0.13635145
0.13463567,0.13696723,0.14001440,0.14463726,0.15199573
0.13470857,0.14201577,0.14260454,0.14673461,0.14709419
0.14114788,0.15492247,0.15745653,0.16160223,0.16356744
0.17737332,0.19630706,0.19758275,0.19876534,0.19894920
0.18442583,0.19591901,0.19795461,0.20140679,0.20206341
0.10485221,0.10485221,0.12511033,0.12647225,0.12886153
0.15393294,0.15845701,0.15905808,0.16116068,0.16816269
0.14189395,0.14518780,0.16232030,0.16469587,0.16534591
0.02012005,0.02679552,0.02698351,0.03332365,0.04046376
-0.00000011,0.02206564,0.02258726,0.02295702,0.02550165
0.03074597,0.03250349,0.03561981,0.04608034,0.04714912
0.16570696,0.17116088,0.17157367,0.17218632,0.17231846
0.08799055,0.09740049,0.09910192,0.10137758,0.10398719
0.04368022,0.09802607,0.10321213,0.10808480,0.12007231
0.12018088,0.12873095,0.13028970,0.13077523,0.13143706
0.15944266,0.16039157,0.16115998,0.16235666,0.16784100
0.12853910,0.13366106,0.13442540,0.13860874,0.14110164
0.17944849,0.18498345,0.19784600,0.20029019,0.20250395
0.10274556,0.11559235,0.11739420,0.12055965,0.12224959
0.11024940,0.11332581,0.12137116,0.12248752,0.12534733
0.12580113,0.13069308,0.13577276,0.13819852,0.14110018
0.07813126,0.07813126,0.09399488,0.09399488,0.10471027
0.06641328,0.06641328,0.07718447,0.08532815,0.08532815
0.11565241,0.11866295,0.12475371,0.12506554,0.12812643
0.11624618,0.11685580,0.11858858,0.12659951,0.12889591
0.09913346,0.11292332,0.11294116,0.11431350,0.11873820
0.08678219,0.09041941,0.10120146,0.10277820,0.10334924
0.08004787,0.08077535,0.09125599,0.09161846,0.09281798
0.15303235,0.15492749,0.16376075,0.16444895,0.16757086
0.12158926,0.13617969,0.13623405,0.13697770,0.14034355
0.14645261,0.15052828,0.15307190,0.15683186,0.15877669
0.10236496,0.11347099,0.11531571,0.11734877,0.11745451
0.07954822,0.10674673,0.10734839,0.10823791,0.11365344
0.13063969,0.13464847,0.13483192,0.14832368,0.15160108
0.00000091,0.05831850,0.10153713,0.11157244,0.12100330
0.08525445,0.09792349,0.10350913,0.10435008,0.10699120
0.12709159,0.12969081,0.13006267,0.13433197,0.14619045
0.11923218,0.12464109,0.13038352,0.13266882,0.13288537
0.12572578,0.13274725,0.13541491,0.13556561,0.13808838
0.17205812,0.18954794,0.19751246,0.19776157,0.20311457
0.13685514,0.14163853,0.14580578,0.14961004,0.15369102
0.15531072,0.17704278,0.17792352,0.18376631,0.18464351
0.11065255,0.11258954,0.11533681,0.11577652,0.11658597
0.09806221,0.10137453,0.10184476,0.10201471,0.10600809
0.15531914,0.16018143,0.16404657,0.17294620,0.17654666
0.11125734,0.14614013,0.15031824,0.15470971,0.15476963
0.17054906,0.17642786,0.17695826,0.17758653,0.17823635
0.10594170,0.11439639,0.11455701,0.11760149,0.12446364
0.08100067,0.08793744,0.08816174,0.08974515,0.09234090
0.14672939,0.15729797,0.15883987,0.15980795,0.16055480
0.18112220,0.20881265,0.21005560,0.21091697,0.21154916
0.13785566,0.14443678,0.14882058,0.15582982,0.15961392
0.15041165,0.15777400,0.16427194,0.16558231,0.16809063
0.12208095,0.12245069,0.12434915,0.13043705,0.13130765
0.00000026,0.03900852,0.04158971,0.05076788,0.05212935
0.13399307,0.13683291,0.13918786,0.14391994,0.14622307
0.13190186,0.13195078,0.13208614,0.13320522,0.14177959
0.11680837,0.13231310,0.13659611,0.13988093,0.14227656
0.16293299,0.16779554,0.16903245,0.16934372,0.17161933
0.14307053,0.14474373,0.14985381,0.15446697,0.16354904
0.01974217,0.03491028,0.03827424,0.03922513,0.04021753
0.03223009,0.04596632,0.05450482,0.05719560,0.05933279
-0.00000017,0.05138919,0.05163861,0.05620018,0.06322137
0.13587862,0.14400578,0.14560299,0.15290399,0.16806526
0.15222645,0.15790561,0.16773260,0.16775265,0.17056739
0.02562396,0.05377069,0.05644295,0.06002259,0.06311176
0.15163957,0.16627184,0.16642058,0.16653502,0.17160994
0.10375128,0.12737556,0.13250858,0.13281947,0.13438053
0.15909110,0.17376737,0.17487775,0.17604914,0.17777751
0.15230392,0.16108699,0.16183233,0.17405140,0.17520632
0.14845617,0.15884727,0.16184165,0.16360326,0.17047489
0.15098485,0.17570819,0.19361310,0.19450048,0.19735099
0.09636076,0.10003053,0.10624353,0.11970668,0.12027284
0.03460405,0.03976469,0.05571601,0.05903533,0.06887701
-0.00000003,0.03996723,0.04466990,0.05066035,0.05578825
0.02933891,0.03544512,0.03646930,0.04064408,0.04325624
0.03092989,0.03493133,0.03551411,0.03610978,0.03685889
0.03725238,0.03921891,0.04102162,0.04145502,0.04206207
0.13359864,0.13442364,0.14081718,0.14093901,0.14581676
0.10125068,0.10241997,0.10742170,0.10963519,0.11166666
0.11705100,0.13723533,0.15396661,0.15433824,0.15673107
0.12334584,0.14299586,0.14655428,0.15179271,0.15258457
0.14021640,0.14055134,0.15112397,0.16321822,0.16378589
0.12919120,0.15807725,0.16206616,0.16259785,0.16603668
0.05091202,0.05588441,0.05903112,0.06784949,0.06994700
0.12906326,0.12915300,0.13194881,0.13391502,0.13498537
0.13207130,0.15644127,0.16622162,0.16808957,0.17075452
0.06432599,0.07751788,0.07944665,0.08542105,0.09030353
0.12298690,0.12386166,0.12493636,0.12649947,0.12779641
0.15487169,0.15558434,0.16526793,0.17090379,0.17101060
0.12091051,0.13542630,0.13558693,0.13927990,0.14180669
0.10214718,0.10333502,0.11346459,0.12595870,0.12598294
0.18786129,0.19003551,0.19375080,0.19481778,0.19493745
0.11448747,0.12547849,0.12738541,0.12866013,0.13101754
-0.00000020,0.03085432,0.04567716,0.05111193,0.05706680
0.11897755,0.17158924,0.17644125,0.17853510,0.18124154
0.13299251,0.15396552,0.15789638,0.16248988,0.16531399
0.16015753,0.16194420,0.16544181,0.16692941,0.16765843
0.08910026,0.09354759,0.10810724,0.10868838,0.11201633
0.07462224,0.08173411,0.10704254,0.10934962,0.12255705
0.08353904,0.09614128,0.10328066,0.12497585,0.12775758
0.09075020,0.12398752,0.12764798,0.14431041,0.14819446
0.15912241,0.16809165,0.16853248,0.17200565,0.17204954
0.13207172,0.14741099,0.15034281,0.15575112,0.15884362
0.13841078,0.13858354,0.14219965,0.14313452,0.14774565
0.14743176,0.15887193,0.16464448,0.16659617,0.17291500
0.14874330,0.15023048,0.15469539,0.15525270,0.15525270
0.11292753,0.12549707,0.13495806,0.13963613,0.14548355
0.00000027,0.06574672,0.06836990,0.07261606,0.07786169
0.09929819,0.11592014,0.11811838,0.11968044,0.11993624
0.11756212,0.12132738,0.12525135,0.12944829,0.13518846
0.14058571,0.14242780,0.14780928,0.15086427,0.15209417
0.08033638,0.09383087,0.10200530,0.10355385,0.10382028
0.12221923,0.12718245,0.14204615,0.14237736,0.14371303
0.11522649,0.12639970,0.12652673,0.12671618,0.12954248
0.13700962,0.14194390,0.14198117,0.14219660,0.14509608
0.13843960,0.13880605,0.13965389,0.14514475,0.14656666
0.10746418,0.10750298,0.13486731,0.14148074,0.14372884
0.13058814,0.13694569,0.13746896,0.14217108,0.14428298
0.15945736,0.17300378,0.18343094,0.18430527,0.18443948
0.15533450,0.15969427,0.17020845,0.17531067,0.17639919
0.12464715,0.12493986,0.12531334,0.12658346,0.13178384
0.16564231,0.17393491,0.17792132,0.18127874,0.18699989
0.11502983,0.11879297,0.13693763,0.13798898,0.13908675
0.14792095,0.15639257,0.16250423,0.17137854,0.17208980
0.02206629,0.05123820,0.07549535,0.12497402,0.13290761
0.14321558,0.14538658,0.14572878,0.15150802,0.15575460
-0.00000012,0.15434319,0.16249658,0.16526207,0.16628821
0.13907711,0.14630468,0.15228269,0.15336327,0.15628304
0.11418233,0.13233420,0.13636246,0.13644461,0.14033869
0.10935257,0.11167268,0.12223594,0.12649864,0.12966472
0.17332733,0.17949480,0.17986777,0.18242127,0.18422619
0.11169893,0.12215678,0.12397180,0.12674849,0.13232383
0.12700433,0.14800686,0.15276942,0.15456992,0.15526803
0.13929723,0.14970502,0.15548481,0.15607339,0.16106066
0.12842433,0.14016543,0.14922662,0.15037039,0.15448622
0.02917244,0.03855853,0.04627289,0.04808297,0.05005569
0.04764228,0.05269801,0.05714315,0.05793767,0.05943490
0.10284143,0.10288073,0.10669610,0.10733879,0.10874265
0.05757748,0.06294139,0.06899694,0.08163252,0.08874743
0.13732962,0.13855374,0.15387838,0.15589274,0.15655035
0.10465813,0.10637127,0.10864506,0.11005211,0.11521988
0.14382195,0.16659532,0.17197564,0.17476845,0.17639385
0.09611554,0.10525435,0.11866786,0.12032092,0.12409596
0.11869394,0.13572788,0.14024739,0.15572518,0.15981092
-0.00000018,0.04502153,0.06031786,0.06324066,0.07508221
0.13774346,0.14938834,0.15200759,0.15244174,0.16155936
0.12579103,0.14867042,0.15259975,0.15285675,0.15633003
0.12297145,0.12737048,0.13434274,0.14308131,0.14569359
0.10482314,0.12139796,0.13055995,0.13170518,0.13225821
0.10797325,0.11422365,0.12487651,0.13064244,0.13375118
0.10219098,0.12143084,0.12618718,0.15045676,0.15278594
0.15957677,0.17605138,0.17915846,0.18015487,0.18111005
0.07623759,0.09446099,0.09986821,0.10169492,0.11346745
0.06556766,0.07279167,0.07594743,0.07786259,0.07911229
0.10471591,0.10606432,0.11272906,0.12121437,0.12466781
0.10703286,0.11351711,0.12166032,0.12227243,0.12353701
0.12035846,0.12240746,0.13330907,0.13847324,0.13989285
0.13121007,0.16268156,0.16294903,0.16341075,0.16786081
0.15316835,0.16493495,0.17194210,0.17227042,0.17352331
0.07920182,0.10449973,0.10466391,0.10939650,0.11455916
0.10832918,0.11130117,0.11571734,0.11690117,0.11952895
0.10777253,0.10784188,0.12658446,0.13220552,0.13348708
0.14930405,0.15245268,0.15559548,0.15795417,0.15967278
0.12205671,0.13211925,0.13357610,0.13573582,0.13717365
0.15255542,0.16016278,0.16658871,0.16844992,0.16969983
0.17953415,0.18048875,0.18100786,0.18108876,0.18666497
0.13615900,0.13744621,0.15106893,0.15205875,0.15497303
0.10180707,0.10733769,0.11394088,0.11588368,0.11752012
0.16633864,0.17493910,0.17555657,0.17941551,0.18143484
0.14162029,0.15420541,0.15480924,0.15993686,0.16063657
0.12690376,0.13402247,0.13418928,0.13628195,0.14891151
0.11072966,0.13032457,0.14362663,0.14742181,0.15255468
0.16610867,0.20159575,0.20521091,0.20969909,0.21141128
0.07652773,0.08001819,0.08148154,0.08194125,0.08289874
0.09297921,0.09552110,0.09928408,0.09973584,0.09982429
0.00000066,0.06249900,0.08159296,0.08544310,0.11257429
-0.00000048,0.07196599,0.07773614,0.09570775,0.11134721
0.15294367,0.16286403,0.16649480,0.17119728,0.17240356
0.07743979,0.07972152,0.08153353,0.08350444,0.08978048
0.16366036,0.17398256,0.18160975,0.18175501,0.18354692
0.16389926,0.16882110,0.17052694,0.17295836,0.17359814
0.16013786,0.18156791,0.18520238,0.18687357,0.19208167
0.12130941,0.13588673,0.14150909,0.14365292,0.14592637
0.03679433,0.06453007,0.07276637,0.07474047,0.07672371
0.15562226,0.15702984,0.16436054,0.16549242,0.18042903
0.14492415,0.14592692,0.14814596,0.15541291,0.15586938
0.09931424,0.10359137,0.11153935,0.11328026,0.11585404
0.10971639,0.11220105,0.11255046,0.11381614,0.11385454
0.07952496,0.08859163,0.09318463,0.09319292,0.09443196
0.14322473,0.14436257,0.14751835,0.14871994,0.14941096
0.16345134,0.16714905,0.16815104,0.16846146,0.17250878
0.03555955,0.03826005,0.04282264,0.04351295,0.04445281
0.07831475,0.08075809,0.08272435,0.08582552,0.08875665
0.07616574,0.07958495,0.09447746,0.10742097,0.12944518
0.00000022,0.00000022,0.06309974,0.07689477,0.08492596
0.05232510,0.06002655,0.06191988,0.06505000,0.06738136
0.04513428,0.05439380,0.06013222,0.06150284,0.06567268
0.15464547,0.16631292,0.16830479,0.17123094,0.17637059
0.09072670,0.09599695,0.09720940,0.10189512,0.10262227
0.12805845,0.12912063,0.13711561,0.14683202,0.14918870
0.11188689,0.13203105,0.13369951,0.13770635,0.13970061
0.12337571,0.12845461,0.14725959,0.14785829,0.15039158
0.16809580,0.16843683,0.17355512,0.17543326,0.17779934
0.16575371,0.16714624,0.16741486,0.17615762,0.17619279
0.04090360,0.12984030,0.13527583,0.13655314,0.13656431
0.10043181,0.10648819,0.10685614,0.11181672,0.11218412
0.16058408,0.16110490,0.16243440,0.16361335,0.16497098
0.08550552,0.10783593,0.11296898,0.11797690,0.12446309
0.11367586,0.11455168,0.11508083,0.11562563,0.11727912
0.11318460,0.12509260,0.12997286,0.14074907,0.14232081
0.10987321,0.11249252,0.11417669,0.11483166,0.11599948
0.15968110,0.16485356,0.16978575,0.17536744,0.17958614
0.15709634,0.16024293,0.16068691,0.16216862,0.16251904
0.07462373,0.10489753,0.11002450,0.12102223,0.12384080
0.00000053,0.05763111,0.07964647,0.09093227,0.09135818
0.11288693,0.11914087,0.12154862,0.12500100,0.12542935
0.14793482,0.15566804,0.15676777,0.15892194,0.16095966
0.13874072,0.13883385,0.13950311,0.14143027,0.14455532
0.10287785,0.10456252,0.10811663,0.10834732,0.10977563
0.16930802,0.16978547,0.18336566,0.18578857,0.18992810
0.19288656,0.19306384,0.19357158,0.19584586,0.19862187
0.18596166,0.18915769,0.18930118,0.20194952,0.20318684
0.12927721,0.13081129,0.13083223,0.13501470,0.14179242
0.09496466,0.11168831,0.11988667,0.12097571,0.13047114
0.13559963,0.15011479,0.15051997,0.15061131,0.15111703
0.14793824,0.16487516,0.17135671,0.17663445,0.17715433
0.18130837,0.20022358,0.21000409,0.21177796,0.21457829
0.11406918,0.11877502,0.11992148,0.12136040,0.12410250
0.12147041,0.12309734,0.12471084,0.12476605,0.12488190
0.15414721,0.16121730,0.16358446,0.16792564,0.16963919
0.09351255,0.10581248,0.10906920,0.11294366,0.11298367
0.12675092,0.13466816,0.14622161,0.14645950,0.15137847
0.13373381,0.14138465,0.14454497,0.14482147,0.14520408
0.15589172,0.15729402,0.16034707,0.16042154,0.16143845
0.13574889,0.15506104,0.15557919,0.16046867,0.16538185
0.11269903,0.12663352,0.12975278,0.13372737,0.13588707
0.14283511,0.16060883,0.16144839,0.16533059,0.16674812
0.13471435,0.14563575,0.14713950,0.15191871,0.15328287
0.12989879,0.13704097,0.14389576,0.14618392,0.15426041
0.16129202,0.16404751,0.16779360,0.18439507,0.18697314
0.09676784,0.11224749,0.11447638,0.11571677,0.11757304
0.10665089,0.11398827,0.11399923,0.11429659,0.12134060
0.08131807,0.08479999,0.08623917,0.09362641,0.10451050
0.07012217,0.09154642,0.09239788,0.09304091,0.09791666
0.16796006,0.17166592,0.17857674,0.18170393,0.18389799
0.14330006,0.15024920,0.15144135,0.15340671,0.15445445
0.18428357,0.19324791,0.19390355,0.19517294,0.20155612
0.18582761,0.19217652,0.19902250,0.21277504,0.21354480
0.00000028,0.03848040,0.05291487,0.11621627,0.12574315
0.18240015,0.18418027,0.18673578,0.18867877,0.19429813
0.18294166,0.19225919,0.19534130,0.19799201,0.20145275
0.15645218,0.16377708,0.16440667,0.17119040,0.17230931
0.13482709,0.13889086,0.14303812,0.14372896,0.14589356
0.16240689,0.17973725,0.18141453,0.18608794,0.18684851
0.15749429,0.17463399,0.19293521,0.20127738,0.20469511
0.17858066,0.17881776,0.18265603,0.18317391,0.18876565
0.06153513,0.09039891,0.09194377,0.09350225,0.09476575
0.09144404,0.12378310,0.12576598,0.12728375,0.13723585
0.12653461,0.12989114,0.13187960,0.13414046,0.13820505
0.07892324,0.10652427,0.12182865,0.13892999,0.14235879
0.15576467,0.15823540,0.16335639,0.16976340,0.17058273
0.10252323,0.12097870,0.12846969,0.13072227,0.13690424
0.15951392,0.16030945,0.16356158,0.16576365,0.16606577
0.12887798,0.13238105,0.13340792,0.14341731,0.14700980
0.21579672,0.21630424,0.21974765,0.21978843,0.22229983
0.16352074,0.16639507,0.17880233,0.18122372,0.18522862
0.14956905,0.15199034,0.16677879,0.17132442,0.17407620
0.17231554,0.17755872,0.18112202,0.18723576,0.19023915
0.06414604,0.06414604,0.06948198,0.06978074,0.06986989
0.04092224,0.04544872,0.05152515,0.05266892,0.05511597
0.16341834,0.18056579,0.18450584,0.18960941,0.19635451
0.09401360,0.09746324,0.10114294,0.10220946,0.10492112
0.08534682,0.08814961,0.09197497,0.09226407,0.09252452
0.09037560,0.09284874,0.10733417,0.11403044,0.11666263
0.09477820,0.10434758,0.11393202,0.12037344,0.12279744
0.09650937,0.12114235,0.13051507,0.13268125,0.13532028
0.12986486,0.13509668,0.14745495,0.14820786,0.14843392
0.10538305,0.10705079,0.11120845,0.11146756,0.11467552
0.09141266,0.09164087,0.09425560,0.09891795,0.09970862
0.14637209,0.15582135,0.15733534,0.16195977,0.16341954
0.12596267,0.14450577,0.14503542,0.15155250,0.15469944
0.09883741,0.10791530,0.12157901,0.12729493,0.12853435
-0.00000004,0.04653063,0.04701013,0.05315496,0.05535127
-0.00000061,0.04701013,0.05889475,0.06205155,0.06922196
0.13489015,0.14738593,0.14908186,0.14955747,0.14981040
-0.00000012,0.05206608,0.06836194,0.07066488,0.08102387
0.07887465,0.09745362,0.09798717,0.09864186,0.09921667
0.15084700,0.15559708,0.15818354,0.16576606,0.17180698
0.11815005,0.13729909,0.14692950,0.15631042,0.16590601
0.10206302,0.12798175,0.13638903,0.13794746,0.14128101
0.16116890,0.16540071,0.16626735,0.17242348,0.17260127
0.10490982,0.11681213,0.11687440,0.11811662,0.11869055
0.12487735,0.12814017,0.12998891,0.13024992,0.13520917
0.00000017,0.06578708,0.07940188,0.09899010,0.10009953
0.07671853,0.07725649,0.08946590,0.09097217,0.09263001
0.08424190,0.09028874,0.09828904,0.11258117,0.11841380
0.08917242,0.10314817,0.10376747,0.10451540,0.10471269
0.10879620,0.11743180,0.11960539,0.12657380,0.13082781
0.13222525,0.13640733,0.14231236,0.15067050,0.15212993
0.10360357,0.10408589,0.11204461,0.13109390,0.13597541
0.16608614,0.17299831,0.17401479,0.17403373,0.17847644
0.14511473,0.15569608,0.15691425,0.15817566,0.15954454
0.10221685,0.10739249,0.10771396,0.10935771,0.11051134
0.17017633,0.19293045,0.19354525,0.19366598,0.19497472
0.15913394,0.17295210,0.17730513,0.17765231,0.18447290
0.11443371,0.13155806,0.13181224,0.13412911,0.13555703
0.14985844,0.15478009,0.15854466,0.15911356,0.16124803
0.12467856,0.12772325,0.13567154,0.14043604,0.14281762
0.02811545,0.03016745,0.03182760,0.03387607,0.03585339
0.03538611,0.03597054,0.03753012,0.03913061,0.03998396
0.05774200,0.06440082,0.06809746,0.07542937,0.07549328
0.09178077,0.10421301,0.11478376,0.11624183,0.11663630
0.17834775,0.18979006,0.20286630,0.20323321,0.20589928
0.09333213,0.09902003,0.10014491,0.10061444,0.10212236
0.16285902,0.16291301,0.16660385,0.16662066,0.16721502
0.12122285,0.12615970,0.12926954,0.13174349,0.14078157
0.09275243,0.09401923,0.10139357,0.10146803,0.10172231
0.14453565,0.15167210,0.15455031,0.16247295,0.16808221
0.18736546,0.20027113,0.20319353,0.20399971,0.20526883
0.06823158,0.08629196,0.09295031,0.09987615,0.11357570
0.10395755,0.10636235,0.11552143,0.11564879,0.11643066
0.04385931,0.06277411,0.07062714,0.07240684,0.07457799
0.04875989,0.05218587,0.06306706,0.06389213,0.07111046
0.18951117,0.18955790,0.19322133,0.19760484,0.20027632
0.13314976,0.15109438,0.15791613,0.16047755,0.16393313
0.10696998,0.11264332,0.12259372,0.12854186,0.12890604
0.07702763,0.08536550,0.08863489,0.09821430,0.10019766
0.09864475,0.11397958,0.12008700,0.12288509,0.12676391
0.06259281,0.07274789,0.08571152,0.08847424,0.08889573
0.08139589,0.10877418,0.11017576,0.11358443,0.11935934
0.16799609,0.17063187,0.17383954,0.17697616,0.18455513
-0.00000001,0.02426272,0.05143179,0.05143179,0.05171671
-0.00000022,0.02426272,0.05591561,0.05591561,0.05627691
0.04011362,0.04084327,0.04084327,0.04146321,0.04389929
0.04075979,0.04846694,0.04987490,0.04987490,0.05263300
0.03793103,0.04743195,0.04845658,0.04845658,0.04877175
0.09681273,0.10392462,0.10868535,0.11322124,0.11902127
0.15780547,0.15958351,0.16300772,0.16302276,0.16811153
0.15953669,0.18968290,0.19279595,0.19616528,0.19805709
0.13920474,0.14030245,0.14797050,0.14958209,0.15402591
0.12230384,0.13030270,0.13871984,0.14425677,0.14707772
0.10672833,0.10827566,0.10846636,0.11607087,0.12039837
0.13730755,0.14639655,0.15222222,0.15398599,0.15663838
0.08365081,0.08727176,0.08975057,0.09148505,0.09190990
0.10792087,0.11535539,0.11946733,0.12031442,0.12061900
0.11143923,0.12745875,0.13957845,0.14104053,0.14230610
0.16403124,0.16434282,0.16479787,0.16585869,0.16839370
0.17326590,0.17491002,0.17607515,0.17872328,0.18328379
0.12911934,0.12952487,0.13933368,0.14600499,0.14608409
0.07860636,0.12671834,0.13452378,0.14164114,0.14364327
0.13701156,0.13730867,0.14408700,0.14755739,0.14977172
0.00000041,0.07716680,0.08158444,0.08710676,0.09145235
0.14736548,0.15118745,0.15629122,0.16314404,0.16547535
0.10463971,0.11521943,0.11708367,0.11962144,0.12314004
0.00000041,0.07583077,0.08592080,0.10446435,0.10807796
0.11974156,0.12379264,0.15463829,0.15716173,0.15850288
0.10808682,0.12284069,0.13560693,0.13896503,0.14425379
0.08591086,0.11463521,0.12305944,0.13040490,0.13823980
0.08395199,0.09505881,0.09629112,0.09821855,0.10262782
-0.00000062,0.09771556,0.09807781,0.10082736,0.10082736
0.00000099,0.13174556,0.13193376,0.14942452,0.16269185
0.00000063,0.08738518,0.10349357,0.10349357,0.10525455
0.05086955,0.07745875,0.07745875,0.10336514,0.10493201
0.11103760,0.13697602,0.15744659,0.16526210,0.17011434
0.10895850,0.10901629,0.11044362,0.11533341,0.12335025
0.13705395,0.14219490,0.14699806,0.14959359,0.15016505
0.09217028,0.11895029,0.11895528,0.13248271,0.13309130
0.11491323,0.11563760,0.12917230,0.13342646,0.13900112
0.11729775,0.12011231,0.13412714,0.13503188,0.14041588
0.13108633,0.13244161,0.14291647,0.14692365,0.14806229
0.11684591,0.12771265,0.13513699,0.13602296,0.14122657
0.10041903,0.10570298,0.11945195,0.12529193,0.12733318
0.11844756,0.12754317,0.12796971,0.13133462,0.13180755
0.12583761,0.13153619,0.13302220,0.13458101,0.13936457
0.17817068,0.17840323,0.18240485,0.19446096,0.19687396
0.10643175,0.16289593,0.16431104,0.17001505,0.17485921
0.08732490,0.12045218,0.12122073,0.12273591,0.12622751
0.11386186,0.12191454,0.12766722,0.12800910,0.13219281
0.11409244,0.12511538,0.12805480,0.12836343,0.12885273
0.07677704,0.09870191,0.10159243,0.10159243,0.10355343
0.17092304,0.17238399,0.17336507,0.17499164,0.17732289
0.07735698,0.07932112,0.08524332,0.08745147,0.09163841
0.11706746,0.11899455,0.11937490,0.12252285,0.12379158
0.00000031,0.14186257,0.14619327,0.14948007,0.15155044
0.14536066,0.15173061,0.15298654,0.15563662,0.16308305
0.13183904,0.15178359,0.15266924,0.15418510,0.15813240
0.12544622,0.12602903,0.13840635,0.14302565,0.14526653
0.10337849,0.10780760,0.10780760,0.12526128,0.13177048
0.12429603,0.14233808,0.14554265,0.15242234,0.15332450
0.16136307,0.17258587,0.17670785,0.17833637,0.17882547
0.06909019,0.07412193,0.08024904,0.09705728,0.10320031
0.00000017,0.08484051,0.09546646,0.09827630,0.10150297
0.06782694,0.07043454,0.07297724,0.07902895,0.08012397
0.06698982,0.07357018,0.07384709,0.07646328,0.07652830
0.05946688,0.07160836,0.07412770,0.07872180,0.08020090
0.14739832,0.15905829,0.15982710,0.16500747,0.16503808
0.12351553,0.12361200,0.12361200,0.12368248,0.12492409
0.11475346,0.13465632,0.13494661,0.13516729,0.13751526
0.12114906,0.12176311,0.12340753,0.12357480,0.12415996
0.11780944,0.12034668,0.12615192,0.12811615,0.13326915
0.03528536,0.06343660,0.06355332,0.06507377,0.06691778
0.04704123,0.07516868,0.07972994,0.08454701,0.08518223
0.08254436,0.08912455,0.09013028,0.09194669,0.10706456
0.11923552,0.12105876,0.12358264,0.12598310,0.13014759
0.16661954,0.16774139,0.17008170,0.17019422,0.17086978
0.13347843,0.16039008,0.16126926,0.16266648,0.17222367
0.10738474,0.10859792,0.11507976,0.12693870,0.13384268
0.12633793,0.15426369,0.16764212,0.17114832,0.17640749
0.10910960,0.11437929,0.12534924,0.12717353,0.13198350
0.10032925,0.10895966,0.11558805,0.11735482,0.13930799
0.05790796,0.06600391,0.07333758,0.07748637,0.07906923
0.08962498,0.09196009,0.09483036,0.10262959,0.11993083
0.10957532,0.11737696,0.11932773,0.12274930,0.12281980
0.09978794,0.10038806,0.11792347,0.12463009,0.12475449
0.13557878,0.14176060,0.15377976,0.15685658,0.16070713
0.11015324,0.12336136,0.12986033,0.13246088,0.13288805
0.17645951,0.18358228,0.19247355,0.19532251,0.19847375
0.10027293,0.10245866,0.10362479,0.10416588,0.12811089
0.13387123,0.13592818,0.15169659,0.15198511,0.15681204
0.13629115,0.14762899,0.15255907,0.15353923,0.15923473
0.09686109,0.11278883,0.11719918,0.11779968,0.14487617
0.14004013,0.14743133,0.15093835,0.15235345,0.15285183
0.11454011,0.12519579,0.13956514,0.14079471,0.14190932
0.10021451,0.10799675,0.11063054,0.12631848,0.12812117
0.00000036,0.12202191,0.12402248,0.12497205,0.12804984
-0.00000008,0.11909293,0.16387233,0.16923195,0.17124663
0.13245609,0.13413294,0.13874725,0.14625962,0.14820483
0.11861939,0.13049957,0.14406118,0.14434905,0.14731450
0.14359543,0.16193379,0.17175472,0.17508733,0.17787959
0.12947060,0.13588321,0.14086831,0.14106750,0.14709561
0.11453633,0.12089524,0.12901632,0.13196109,0.13471028
0.09856831,0.10057525,0.11240340,0.11806618,0.12111114
0.09604464,0.10925563,0.12027757,0.12769443,0.12915403
0.14999254,0.15213540,0.16423343,0.16429868,0.17545210
0.07033958,0.08974822,0.10601328,0.11301202,0.11761645
0.06312522,0.08243009,0.09046645,0.09184037,0.11129275
0.15022160,0.15056081,0.15078834,0.15132451,0.15161045
0.10275514,0.10437725,0.11937928,0.13093191,0.13114589
0.10438298,0.10512974,0.11507266,0.11937480,0.12043643
0.15821569,0.16068123,0.16075929,0.17179750,0.17481445
0.17498446,0.17753579,0.17950690,0.18848361,0.18947519
0.11980873,0.13495459,0.13735591,0.13937956,0.14374758
0.08337131,0.10343198,0.11142275,0.11824325,0.12706915
0.10224071,0.12548777,0.12928748,0.13437970,0.13483019
0.11003015,0.11285220,0.11824689,0.12002894,0.12357707
0.14499766,0.15031210,0.15118274,0.15292782,0.16196933
0.12382670,0.13162749,0.13204333,0.13663231,0.14710413
0.15653086,0.15865959,0.16349399,0.16352728,0.16463268
0.07833343,0.07920760,0.08442791,0.08627830,0.08630423
0.07235432,0.07669304,0.08214381,0.08235811,0.08375826
0.07597297,0.07629713,0.07688295,0.07911117,0.08254734
0.08505322,0.08784437,0.09247279,0.09640952,0.09947944
0.15929238,0.16371213,0.16649896,0.16785997,0.17620797
0.15047167,0.15552700,0.15885623,0.16254270,0.16349132
0.09885445,0.09985238,0.10138607,0.10500138,0.10519647
0.21094462,0.21179470,0.21437706,0.21734616,0.22096264
0.12754042,0.12969828,0.13197251,0.13604333,0.13730231
0.17137431,0.17137431,0.17838286,0.18048438,0.18059914
0.11368752,0.13120842,0.13672394,0.13819602,0.13833444
0.00000029,0.04863188,0.05722022,0.06660044,0.06960006
0.15978089,0.17326397,0.17364299,0.17472515,0.18007745
0.10521668,0.11356743,0.11647853,0.11741471,0.11797518
0.10510302,0.10945486,0.11955959,0.12193395,0.12485407
0.15669648,0.17457876,0.17650729,0.17863816,0.17907916
0.08535807,0.11563695,0.12566124,0.12739822,0.12792972
0.11856954,0.12011556,0.12377225,0.12751281,0.13549478
0.11155257,0.11419079,0.12528041,0.12694740,0.13281913
0.16414683,0.16717869,0.16813651,0.19443342,0.19466774
0.11196889,0.11388016,0.11527867,0.14134081,0.14137155
0.13894208,0.14010602,0.14195722,0.14546727,0.14967349
0.16186872,0.16290078,0.16711122,0.16943714,0.17038302
0.15847924,0.16096923,0.16437462,0.16734496,0.16826190
0.16313446,0.16854967,0.17425078,0.17567140,0.17820822
0.15705174,0.17006658,0.17207403,0.17934787,0.17961845
0.14911795,0.15978099,0.16071463,0.16156304,0.16182694
0.13081118,0.14432913,0.14727260,0.14952841,0.15499598
0.15893918,0.16689134,0.17060956,0.17367825,0.17447141
0.10347836,0.12076156,0.13547952,0.13911182,0.16311492
0.17424467,0.17426461,0.17731267,0.18194391,0.18435061
0.15425898,0.17043357,0.17539755,0.17602928,0.17651169
0.19973919,0.20478950,0.20510446,0.20925611,0.20968889
0.17573708,0.18202934,0.18396384,0.19013146,0.19077761
0.04579388,0.04608344,0.05278103,0.05398033,0.05423439
0.04752745,0.05318017,0.05449435,0.05570555,0.05789927
0.10249225,0.10567099,0.10851473,0.11049534,0.11208273
0.12306505,0.13322732,0.14064649,0.14235108,0.14264168
0.14324395,0.15361752,0.15553060,0.16204055,0.17287599
0.13214627,0.14030160,0.14046216,0.14139928,0.14230013
0.11511985,0.13014647,0.14008142,0.14250679,0.14477770
0.10573658,0.11763109,0.12298717,0.12838487,0.13678610
0.10476009,0.11425585,0.11539450,0.13339172,0.13359070
0.11759931,0.15861860,0.15889820,0.16616884,0.16651960
0.10067185,0.10381603,0.10944296,0.11339475,0.11565734
0.11643706,0.11653130,0.12234457,0.12684594,0.13177419
0.18805529,0.18824716,0.18883625,0.18974197,0.18996590
0.14526623,0.14832084,0.15318826,0.15933120,0.16507582
0.10848441,0.10887843,0.11154066,0.11190797,0.11544999
0.10581248,0.11108543,0.12582773,0.12669660,0.13631922
0.12339938,0.12943186,0.14315759,0.15423320,0.15655220
0.17036754,0.17532378,0.18189776,0.18319787,0.18406136
0.15823267,0.16692609,0.16875786,0.16900122,0.16911054
0.08867867,0.08968102,0.09105893,0.09197107,0.09364814
-0.00000048,0.06873567,0.12778112,0.13097399,0.13509251
-0.00000006,0.06873567,0.11931582,0.12527613,0.12650988
0.03737259,0.09029764,0.11478785,0.11743454,0.12270908
0.08833577,0.11905125,0.18172444,0.18846892,0.19245386
0.04903068,0.07163836,0.10464302,0.13043116,0.14067443
0.05879344,0.09135070,0.11420189,0.12834066,0.14083074
0.14907369,0.15684700,0.16303496,0.17600094,0.17705037
0.14897449,0.15887862,0.16464606,0.16607819,0.16700238
0.16549540,0.17119861,0.17295773,0.17309168,0.17408551
0.15121499,0.15371701,0.15449043,0.15896820,0.16000517
0.18634103,0.18719077,0.19027899,0.19149226,0.19156502
0.09674780,0.10119140,0.10350166,0.10565168,0.10854730
0.13876295,0.13995200,0.15115038,0.15362002,0.15498476
0.15614447,0.15860277,0.16129799,0.16136423,0.16195723
-0.00000024,0.07497676,0.11628349,0.15527298,0.16026223
0.15415576,0.16158497,0.17506538,0.17593162,0.17646135
0.18614224,0.18849252,0.19088927,0.19330221,0.19679174
0.13959713,0.14265615,0.14290069,0.14386967,0.14593074
0.09371991,0.09822022,0.10913801,0.10942394,0.11260380
0.13004120,0.14268117,0.14548358,0.14642240,0.14655358
0.12245198,0.13019788,0.13133001,0.13181417,0.13486528
0.18351923,0.18547989,0.18845880,0.18903540,0.19133750
0.05059427,0.05590779,0.05811550,0.05850479,0.06160025
0.10870457,0.11513935,0.11992308,0.12209003,0.13168530
0.13364764,0.13539131,0.14325692,0.15636808,0.15891311
0.10736459,0.11129516,0.11264518,0.12028718,0.12080688
0.16419840,0.16619146,0.16904564,0.16980314,0.17077559
0.13613856,0.13808103,0.13876195,0.14051080,0.14307989
0.07818247,0.07946929,0.08982711,0.09119052,0.09278628
0.10816168,0.18347028,0.18634205,0.18764496,0.18821938
0.09426751,0.09927006,0.10127979,0.10587521,0.11321309
0.10268583,0.10862424,0.11311451,0.11651079,0.12295427
0.08327930,0.10601994,0.10684131,0.10957454,0.11027886
0.17111674,0.18056855,0.18208513,0.18424760,0.18613890
0.16363809,0.16513771,0.16973947,0.16989714,0.17524718
0.15795930,0.16000471,0.16087982,0.16125686,0.16417885
0.15458706,0.16754358,0.17185074,0.17186555,0.17380930
0.11649577,0.11685514,0.13179374,0.13365658,0.16257285
0.14988621,0.15301225,0.15620367,0.15928203,0.16015598
0.11060052,0.11141811,0.11491362,0.11563885,0.11771379
0.12049253,0.12105211,0.12225112,0.12304372,0.12418198
0.17341705,0.18150346,0.18178278,0.18349367,0.18483740
-0.00000092,0.05955411,0.06270435,0.06712458,0.07917971
0.06021190,0.06055581,0.07190628,0.08997702,0.09129006
0.07011997,0.07011997,0.09547727,0.09547727,0.10138102
0.10309707,0.10309707,0.11461578,0.11631510,0.11762559
0.14049351,0.14765470,0.14860475,0.14995830,0.15127930
0.15923038,0.16486074,0.16813698,0.16920304,0.17142572
0.13010669,0.13367039,0.13483679,0.13653417,0.13707045
0.09025052,0.09025052,0.09989800,0.14046726,0.14289117
0.12382239,0.13783729,0.13918418,0.15017407,0.15819950
0.00000031,0.08772076,0.11021046,0.11363760,0.12158482
0.10361987,0.11476932,0.12028152,0.12303758,0.12334882
0.10165612,0.11308968,0.11778300,0.11819082,0.11946028
0.08810801,0.11379861,0.11510059,0.12081601,0.12706296
0.12273679,0.12286574,0.12330543,0.12340145,0.12668136
0.13912039,0.14068891,0.14194128,0.14300093,0.14552499
0.13681009,0.14707477,0.15801373,0.15890932,0.16437756
-0.00000025,0.07042870,0.10123570,0.10425005,0.10472624
0.12100787,0.13288553,0.15022388,0.15219107,0.15873368
0.11086696,0.12589695,0.13228476,0.14233607,0.15228225
0.04396556,0.13129957,0.13684513,0.14544798,0.14792660
-0.00000019,0.16631509,0.16752054,0.17141657,0.17487997
0.15577322,0.15577322,0.16529295,0.17267796,0.17429757
0.22391035,0.23722629,0.23776154,0.24003674,0.24094552
0.11585374,0.11643720,0.11682699,0.11842334,0.12427165
0.10034525,0.13075028,0.15053922,0.15826583,0.15846354
0.09785172,0.11513371,0.12049183,0.13298838,0.14287107
0.13536105,0.18096891,0.18187772,0.18344390,0.18731780
0.13280126,0.13527314,0.13639238,0.14297840,0.14967486
0.14528696,0.15363327,0.15775207,0.15875854,0.16525933
0.17321821,0.17912149,0.18321627,0.18508434,0.18926017
0.09896698,0.10011742,0.10086969,0.10529073,0.11045931
0.11139002,0.11206967,0.11569211,0.12028436,0.12150976
0.09503873,0.10159397,0.10327835,0.10651041,0.11425585
0.11775213,0.13008346,0.13366380,0.13395089,0.13707785
0.16434067,0.17731860,0.17750163,0.18288192,0.18671206
0.16489904,0.16489904,0.16614005,0.17125803,0.17734970
0.11518275,0.12988544,0.13538909,0.13926545,0.13968638
0.08104289,0.12422377,0.12460735,0.13701767,0.14503825
0.20177822,0.21130201,0.21260387,0.21440409,0.21809508
0.06913628,0.10447676,0.10820664,0.12539279,0.12855798
0.08441270,0.10062698,0.10314927,0.11366991,0.11552584
-0.00000029,0.07726534,0.08733035,0.09416844,0.09995536
0.00000008,0.07138500,0.07596378,0.07726534,0.08520395
0.13068727,0.13537177,0.13652283,0.14238060,0.14390592
0.07620808,0.11849107,0.12066112,0.13392985,0.13885787
0.11200336,0.13067628,0.14126551,0.15296082,0.15538743
0.10067008,0.11706337,0.11706337,0.12386821,0.12522942
0.16595662,0.17693470,0.17961130,0.18315056,0.18405029
0.15080029,0.15339978,0.16189307,0.16458200,0.16713665
0.17782909,0.18557021,0.19166376,0.19330668,0.19331379
0.11670769,0.11863124,0.11871567,0.12051540,0.12421310
0.11112057,0.11388264,0.11468320,0.11785247,0.12238367
0.08755078,0.09220177,0.09223819,0.09333821,0.09695778
0.19197828,0.20284739,0.20550247,0.20592761,0.20769687
0.11946362,0.12588355,0.12731239,0.12782678,0.13029277
0.17021878,0.17048955,0.17193711,0.17590761,0.17776588
0.17705214,0.18648992,0.19340466,0.19600372,0.19855104
0.15615951,0.16211635,0.17224537,0.17671895,0.17701502
0.15432310,0.15755051,0.16120115,0.16693369,0.16966517
0.17361598,0.17717031,0.20433488,0.20476532,0.20588528
0.12756357,0.14066733,0.14719079,0.15820253,0.15994610
0.11457467,0.11512336,0.12386604,0.12759602,0.12900367
0.19934493,0.20122667,0.20325124,0.20637374,0.20875724
0.16209719,0.16493544,0.16549122,0.17071421,0.18121643
0.16839135,0.17049734,0.18804535,0.19214021,0.19567360
0.10893996,0.11053577,0.12185554,0.12376692,0.13775775
0.12412792,0.12610769,0.14588970,0.15454571,0.16108955
0.14306310,0.14978261,0.15189740,0.15403840,0.15608674
0.07770562,0.14297250,0.14814159,0.15278971,0.16179639
0.14195359,0.15047663,0.15275918,0.15352018,0.15669933
0.06499692,0.08170591,0.10914338,0.12937436,0.12981468
0.17482005,0.17982179,0.18208583,0.18416923,0.18433163
0.15466256,0.15845789,0.16113679,0.16536167,0.16603610
0.12447642,0.13912781,0.14341155,0.15147792,0.15245248
0.13629250,0.13872597,0.14796978,0.15456817,0.15565944
0.10120516,0.10623289,0.10626990,0.10741286,0.11497376
0.08866768,0.09150524,0.10432030,0.11177552,0.12070417
0.15045895,0.15538613,0.16791382,0.17113493,0.17344409
0.10437390,0.11312943,0.11649057,0.12285362,0.13057102
0.04352557,0.09853434,0.10457776,0.10611413,0.10833475
0.07019971,0.09915206,0.10424316,0.10432710,0.11157418
0.07422444,0.07422444,0.08944467,0.09772910,0.10329886
0.12189806,0.13745907,0.14059852,0.14373332,0.14442368
-0.00000033,0.09171730,0.09908354,0.10078282,0.10084510
0.00000088,0.08948587,0.12153415,0.13440366,0.14143501
0.10383023,0.10458684,0.12483750,0.13198107,0.13587423
0.12236507,0.13755456,0.14325571,0.14484608,0.16617505
0.11430544,0.11444601,0.15269031,0.15773234,0.16216107
-0.00000015,0.05810317,0.07423531,0.07772633,0.10857399
0.03553534,0.05923336,0.06641043,0.07722885,0.08155544
0.00000016,0.06888315,0.07751173,0.08882293,0.08983369
0.09861001,0.10432676,0.10786459,0.12032090,0.12209724
0.10831625,0.10901283,0.11228903,0.11435027,0.11444511
0.17485070,0.18553883,0.20021701,0.20684856,0.22125463
0.08040933,0.10822061,0.10893053,0.11342964,0.11342964
0.04987606,0.05560055,0.07265048,0.07618134,0.07797609
-0.00000031,0.07564718,0.12160618,0.12457097,0.13336185
0.12730917,0.12939888,0.13638163,0.14177178,0.14292781
0.09309036,0.11694269,0.11943361,0.12842105,0.13014330
0.18762553,0.19207089,0.19363996,0.19963963,0.20142494
0.09817182,0.12540689,0.13749480,0.14121442,0.14259593
-0.00000026,0.09478163,0.10947567,0.11378464,0.11499618
0.13993771,0.14315204,0.14340073,0.14469387,0.14582390
0.15370712,0.16797964,0.17061166,0.18014303,0.18382113
0.10787370,0.13683660,0.15618156,0.15972140,0.16088656
0.15015456,0.15958843,0.16054660,0.18235990,0.18315855
0.03689130,0.04059023,0.04713334,0.05731599,0.06059111
0.10992011,0.11545174,0.11751913,0.12192683,0.12293769
0.09750620,0.11245738,0.11381719,0.11618154,0.11870372
0.13299525,0.13299525,0.13365109,0.13404608,0.14212722
0.11351937,0.11835507,0.13298224,0.13534833,0.13534833
0.14693475,0.15069827,0.15911803,0.15953670,0.16322675
0.09419702,0.15224475,0.15611781,0.15884481,0.16330284
0.06956971,0.10360166,0.13638860,0.14196771,0.14314659
0.10134126,0.13383034,0.13583679,0.13897856,0.15194839
0.18586284,0.19693263,0.20192103,0.20220149,0.20329183
0.11639424,0.12316839,0.12467565,0.13113654,0.13646096
0.11255699,0.11464784,0.11973155,0.13013411,0.13062635
0.14036974,0.14810912,0.14854023,0.15139835,0.15163232
0.12093922,0.12510212,0.12719610,0.12913339,0.13415395
0.14012671,0.15017594,0.15325589,0.15833278,0.16327608
0.09423126,0.09510943,0.09676145,0.10024215,0.10767403
0.16814779,0.17449927,0.17776108,0.17843725,0.18178990
-0.00000012,0.07995615,0.08413137,0.08710849,0.09166546
-0.00000026,0.03142241,0.04264563,0.08207257,0.08968522
0.11051440,0.11762556,0.12919788,0.13050008,0.13315541
0.12499045,0.12627715,0.12745644,0.12861504,0.12945363
0.05674630,0.06699084,0.08297308,0.08373979,0.08770802
0.16796874,0.17711139,0.17970663,0.18031763,0.18455720
0.10331165,0.11274254,0.12136899,0.13135329,0.13409281
0.12037762,0.14162803,0.15550244,0.15833703,0.15956588
0.13843617,0.14109534,0.14726204,0.14866179,0.14926538
0.15209296,0.16114679,0.16231367,0.17195147,0.17587361
0.11844763,0.12253143,0.13809443,0.14241029,0.14867134
0.13143545,0.13807863,0.14349319,0.14636505,0.14976001
0.08112481,0.13478735,0.15251906,0.16189398,0.16461903
0.10755178,0.11901039,0.13126017,0.15109885,0.15147585
0.06337264,0.06513315,0.06800321,0.06800321,0.08023597
0.08493030,0.08493030,0.08891928,0.09014313,0.09120440
0.03939680,0.04408537,0.05597135,0.05706459,0.05807875
0.03685996,0.04015660,0.04182852,0.04726263,0.04924870
0.06156585,0.06784937,0.06796885,0.07271746,0.07616724
0.05790372,0.07103316,0.07116899,0.07414202,0.07631426
0.07253085,0.08616318,0.09184770,0.09701530,0.10457475
0.07068599,0.08130196,0.08342248,0.09595139,0.09921956
0.05329269,0.05332351,0.05364725,0.05702044,0.06249345
0.13966495,0.14960676,0.14968950,0.15995117,0.16274330
0.14288357,0.14521912,0.15366937,0.15944740,0.16039579
0.13491204,0.14713314,0.15097636,0.15481716,0.15491369
0.17694299,0.17811568,0.18020029,0.18020666,0.18131636
0.13855672,0.14635338,0.14808729,0.14978328,0.15059221
0.18485180,0.18510126,0.18742339,0.18994229,0.19427647
0.07996663,0.09927617,0.10177479,0.10805596,0.11754873
0.05667549,0.06992638,0.10401551,0.11053633,0.11519754
0.08869652,0.09699699,0.10804258,0.10854308,0.11862518
0.14784312,0.16384514,0.16508335,0.16669799,0.16685084
0.06665377,0.06726063,0.06950083,0.06966525,0.07205580
0.08850675,0.09829412,0.10491365,0.10639395,0.10665656
0.11566122,0.11744332,0.12046867,0.12239017,0.12499952
0.15158698,0.16060923,0.16080417,0.16087635,0.16120949
0.17600945,0.18300436,0.18516594,0.18669084,0.18751186
0.12735438,0.13529575,0.13667472,0.14460015,0.15225360
0.02252201,0.04463719,0.05394860,0.06624888,0.06876472
0.10989061,0.10989061,0.12713334,0.12713334,0.13636397
0.15592554,0.16855082,0.17244744,0.17339055,0.17700043
0.13798149,0.14977843,0.15355659,0.15672906,0.15782280
0.12906627,0.12940216,0.13033570,0.13910007,0.14173955
0.09533918,0.11960650,0.12206214,0.12779801,0.13017482
0.14842018,0.15231019,0.16455135,0.16641140,0.16800115
0.05280332,0.05864806,0.05942446,0.06315134,0.06587437
0.12371635,0.12565856,0.12821491,0.12915774,0.12953003
0.10894272,0.11331744,0.12751862,0.12879264,0.12932631
0.10299046,0.11518105,0.12778717,0.13054587,0.13173133
0.13023590,0.13116172,0.13183607,0.13197725,0.13936125
0.14051810,0.15340671,0.15439430,0.15722348,0.15812536
0.10844681,0.11584832,0.11836689,0.12598519,0.12955849
0.07858603,0.08298916,0.08715189,0.08894435,0.09721357
0.08811913,0.09664025,0.09991468,0.11081244,0.11191387
0.08289218,0.08548407,0.08719977,0.08855993,0.08975096
0.12580355,0.13815907,0.14180790,0.14216889,0.14406691
0.04459853,0.12552084,0.12733696,0.13642001,0.14167765
0.06341087,0.11913666,0.12420685,0.12689799,0.13516386
0.17238292,0.18252894,0.18264042,0.18405923,0.18850252
0.15396418,0.15985362,0.16094378,0.16096319,0.16124289
0.10714826,0.11149497,0.11255319,0.11530451,0.12095591
0.12222001,0.13223472,0.13427289,0.13868417,0.14091285
0.13666631,0.16192138,0.16722460,0.16924112,0.17093293
0.08194016,0.08454710,0.08457553,0.08634597,0.08746716
0.17905012,0.17995563,0.18336850,0.18736772,0.18881983
0.17500536,0.18828964,0.19449371,0.20124498,0.20487596
0.14981580,0.15545893,0.15754321,0.15776291,0.16285917
0.12732284,0.13113734,0.14740020,0.14866167,0.14973712
0.13508292,0.14800295,0.14967626,0.15462877,0.15592234
0.16862004,0.17071456,0.17380409,0.17456484,0.17497891
0.04957364,0.07637444,0.08688856,0.08753231,0.09545617
0.15961973,0.16164361,0.16210660,0.16292386,0.16465019
0.08126367,0.09502484,0.09648158,0.10029556,0.10427730
0.09793122,0.09951508,0.10083628,0.10284640,0.10510130
0.12032630,0.12506235,0.12506235,0.12606280,0.13490775
0.12510158,0.12510158,0.12783667,0.13604918,0.15472169
0.15317746,0.16066349,0.16106582,0.16187708,0.16268629
0.14590976,0.15276647,0.16644286,0.17008482,0.17261028
0.09847537,0.12090743,0.12766343,0.13214134,0.13632856
0.09539162,0.10553752,0.11236963,0.11651514,0.12965134
0.16407019,0.17278381,0.17694530,0.17887339,0.18420653
0.15913200,0.18048178,0.18375945,0.19040713,0.19254483
0.12309572,0.14445509,0.14459161,0.15126307,0.15224822
0.12332365,0.12629905,0.12942488,0.13052854,0.13539736
0.14855392,0.15193117,0.16291210,0.17267293,0.17654732
0.11740215,0.12202886,0.12706418,0.12903833,0.13165152
0.14706261,0.18834798,0.18868041,0.19276281,0.19297808
0.12520899,0.13318485,0.13382740,0.13409021,0.14366315
0.12625790,0.14035131,0.14187106,0.14330591,0.14594400
0.18027808,0.19077654,0.19196647,0.19637096,0.19812524
0.13298799,0.14137037,0.14836520,0.15062001,0.15493302
0.13141562,0.13586250,0.13712637,0.13736597,0.13752343
0.13515338,0.13893367,0.15248086,0.16238301,0.16246842
0.13299020,0.15087250,0.16055001,0.16846721,0.17298096
0.19113299,0.19593863,0.19812582,0.19896154,0.19912121
0.16816185,0.16857432,0.17505850,0.17680886,0.17771804
0.12545206,0.13056077,0.13092768,0.13323325,0.13669668
0.16937603,0.17455910,0.18075731,0.18242371,0.18437445
0.15325148,0.15581273,0.15712827,0.15744430,0.16056514
0.13010861,0.13312753,0.14327224,0.14473239,0.15329883
0.11610906,0.12506358,0.12605776,0.13219871,0.13440816
0.13341181,0.13388656,0.13417688,0.13843295,0.14480658
0.10577743,0.13068247,0.13237083,0.13955644,0.14003064
0.14692129,0.17404449,0.18894778,0.20137751,0.20276538
0.15014526,0.15470371,0.15499268,0.15559407,0.15718964
0.10165054,0.11340608,0.11551144,0.12547068,0.12628131
0.14696191,0.14940068,0.15423402,0.15427692,0.15874641
0.16530064,0.16679031,0.17038584,0.17074274,0.17405821
0.18012898,0.18194495,0.18262456,0.18290807,0.18386512
0.15867712,0.16024625,0.17274146,0.17657524,0.17742011
0.13513498,0.14756906,0.14763403,0.14771086,0.16186793
0.13026458,0.15096201,0.15925445,0.16061673,0.16224210
0.18837836,0.19209556,0.19681863,0.19788483,0.19817302
0.14673634,0.15918574,0.16204172,0.16909167,0.17226914
0.12912002,0.13293546,0.13310443,0.13652745,0.14297391
0.18231529,0.18368378,0.18385555,0.18425801,0.18777160
0.02964098,0.03487041,0.04206084,0.04659606,0.04673179
0.16432159,0.16913334,0.17187245,0.17262164,0.17624995
0.15143421,0.17391555,0.18405612,0.18646492,0.19152696
0.14675531,0.16290112,0.16878355,0.16943327,0.17530087
0.06284343,0.06555741,0.06642597,0.07503194,0.08259171
0.06526276,0.06860210,0.06986984,0.07804418,0.08119583
0.12198994,0.13781242,0.14975174,0.15559399,0.15770072
0.16672668,0.18935005,0.19447213,0.19608381,0.19853239
0.14773458,0.15039375,0.16080213,0.16337737,0.16487929
0.13062415,0.13510905,0.13524170,0.13793160,0.14289615
0.10229713,0.10232686,0.12442945,0.13294289,0.13687849
0.16286223,0.16473898,0.16631672,0.16699451,0.16774563
-0.00000025,0.06436097,0.07176703,0.12201773,0.12646183
-0.00000034,0.13498053,0.13571404,0.14879064,0.15291579
0.09927519,0.11551257,0.12130729,0.12697737,0.12850231
0.16471179,0.18164189,0.18380167,0.18398429,0.18470278
0.17835017,0.19029383,0.19484848,0.19777338,0.19800849
0.15154605,0.17639136,0.18310986,0.18351761,0.18654113
0.17588460,0.17762068,0.17995003,0.18135795,0.18388301
0.13731766,0.13842449,0.15735804,0.15783980,0.15931466
0.13423303,0.13820249,0.14356014,0.14392368,0.14891084
0.12316370,0.13888957,0.13896392,0.15069762,0.15218787
0.04675575,0.06201146,0.06206040,0.06350395,0.06635881
0.05267048,0.05377436,0.05531841,0.05797280,0.05899439
0.14562686,0.14597142,0.16759567,0.17225435,0.17822482
0.12039318,0.12059754,0.12878479,0.12966281,0.13058424
0.16863690,0.18066527,0.18091625,0.18458581,0.18475975
0.17006965,0.18274947,0.18531507,0.18962264,0.19209135
0.13783295,0.13828862,0.14264229,0.14366212,0.14492530
0.17689461,0.18746614,0.19856575,0.20147696,0.20664163
0.15365498,0.16716108,0.17002265,0.17658393,0.17705166
0.14729266,0.15085083,0.16114168,0.16532974,0.17227373
0.16883516,0.17043371,0.17210688,0.17285602,0.17619495
0.17457363,0.17951970,0.18387373,0.18818501,0.19021507
0.16093451,0.16283222,0.16796339,0.17088787,0.17118338
0.15331511,0.15744245,0.17409003,0.17508215,0.17542742
0.15436330,0.15436330,0.15794566,0.16598563,0.16947120
0.04739285,0.04823604,0.07049401,0.07703923,0.07739294
0.05846675,0.06402344,0.07053082,0.07125245,0.07322642
0.06642226,0.06697254,0.07268824,0.07399324,0.07664355
0.07777385,0.09316847,0.09460289,0.09753697,0.10199375
0.12526856,0.12735304,0.12908567,0.13386862,0.13919780
0.12457244,0.14366795,0.14742325,0.15144660,0.16289692
0.14680268,0.14995994,0.15406676,0.16035147,0.16214758
0.06950440,0.07340617,0.07489276,0.08970992,0.09705459
0.08333755,0.08379027,0.08445573,0.09586794,0.09867787
0.10193735,0.12383257,0.13107932,0.13826366,0.13974835
0.14014547,0.14283207,0.14652398,0.14739965,0.14817797
0.16270414,0.16507971,0.16685577,0.16706356,0.16935809
0.16088173,0.16313292,0.16495252,0.16501966,0.16686286
0.10395804,0.10803679,0.10816098,0.10990217,0.11262425
0.09197424,0.09879950,0.09923999,0.10115681,0.10758244
0.12187357,0.12544790,0.13505825,0.13730082,0.13839144
0.09387499,0.09693468,0.10191070,0.10630567,0.10906791
0.15946130,0.16575523,0.16898601,0.16926794,0.17685126
0.07142969,0.07634965,0.07795855,0.08409452,0.09203816
0.09177171,0.09604869,0.10297438,0.10381371,0.10505337
0.15298632,0.16619933,0.17686319,0.18282191,0.18830490
0.13615794,0.16836004,0.17405486,0.17474565,0.17713949
0.14948101,0.16584253,0.17235665,0.17844473,0.18129753
0.14222123,0.14677215,0.15089126,0.15433154,0.15709142
0.16946095,0.18302318,0.19301033,0.19382690,0.19651647
0.16442180,0.17212000,0.17905731,0.18008502,0.18392321
0.18292069,0.18532754,0.18647364,0.18801963,0.18827493
0.18596357,0.18601015,0.18629701,0.18759432,0.19072780
0.17993693,0.19307519,0.19342263,0.19880846,0.19937758
0.13204299,0.15280642,0.16590871,0.16710979,0.16792704
0.13252574,0.14366485,0.14369647,0.14531693,0.14632009
0.18352234,0.18891041,0.18951081,0.19822292,0.19859122
0.12082766,0.12733759,0.12835822,0.12891130,0.13086097
0.16691636,0.16802259,0.16811697,0.16965657,0.17111196
0.14083809,0.15318526,0.15322536,0.15512380,0.16024533
0.16216700,0.16463311,0.17014417,0.17025785,0.17254446
0.00000033,0.10508903,0.15612738,0.16373618,0.16414294
0.09266481,0.09892976,0.09913700,0.10722711,0.10823143
0.15005423,0.16277477,0.16467759,0.16547896,0.16772325
0.15808946,0.16546902,0.17760444,0.17773814,0.17897473
-0.00000033,0.14551350,0.15234172,0.15424360,0.15452491
0.15274593,0.15947890,0.16898067,0.17336598,0.18061347
0.00000006,0.08593632,0.10231707,0.10231707,0.10337511
-0.00000011,0.07787082,0.11576180,0.12774186,0.14041571
0.16095816,0.16285180,0.16993809,0.17952946,0.19447520
0.10285033,0.11011999,0.12209554,0.12454521,0.12552142
0.02725007,0.12141062,0.12219208,0.12228690,0.12254069
0.00000026,0.02908234,0.04803272,0.06029978,0.07089608
0.17880601,0.18084118,0.18477580,0.18732339,0.19012885
0.18728006,0.19618538,0.19662544,0.19707918,0.19857424
0.16095419,0.16537839,0.17355487,0.17666483,0.17810415
0.16609216,0.17251784,0.18286344,0.18304011,0.18955016
0.17037632,0.17193052,0.17504229,0.18393546,0.18619977
0.16440856,0.17026213,0.17170233,0.17292699,0.17942715
0.10062946,0.11412138,0.11499520,0.11797552,0.12627105
0.09873821,0.12403946,0.13403425,0.13760549,0.13903476
0.11189017,0.11602889,0.11895583,0.12171277,0.12198204
0.08263527,0.08552052,0.09738902,0.11026736,0.11131358
0.00000001,0.03722652,0.04560084,0.07553197,0.08184126
0.17973810,0.18525200,0.19560711,0.19721852,0.19774997
0.09543169,0.10762634,0.11142774,0.11393334,0.11729085
0.09741876,0.10226475,0.10472919,0.10566074,0.10625717
0.13562155,0.14878093,0.15049259,0.15097548,0.15265082
0.13684088,0.15611336,0.16204385,0.16537233,0.16740479
0.15044233,0.15117854,0.16517718,0.16782756,0.16895898
0.13316733,0.13460533,0.13720325,0.13735826,0.13820595
0.17091942,0.19435807,0.19942775,0.20617835,0.21143644
0.15173085,0.15961017,0.16011265,0.16283579,0.16549559
0.11291719,0.11368485,0.11737457,0.11751741,0.11811819
0.08411784,0.08415008,0.08951491,0.09030012,0.09735616
0.07989962,0.08140075,0.09280047,0.09954721,0.10007403
0.16486235,0.16824561,0.17080347,0.17215404,0.17900944
0.13997354,0.15375885,0.15837520,0.16089314,0.16517755
0.13601275,0.14120600,0.14575823,0.14650106,0.14672105
0.16301100,0.16572231,0.17260587,0.17314434,0.17411935
0.00000018,0.03588217,0.03791871,0.05774876,0.06500629
0.12314949,0.14370739,0.14460225,0.16352107,0.16662998
0.14834496,0.15641640,0.15647763,0.15788694,0.16022915
0.04640326,0.07581031,0.08553465,0.08946265,0.09297381
0.04055439,0.05926839,0.07125998,0.08642635,0.08953070
0.12948650,0.14665429,0.14752814,0.15101865,0.15963806
0.03695913,0.03798920,0.03833950,0.03887559,0.03904031
0.06650965,0.06659077,0.07964593,0.08338762,0.08613214
0.14533666,0.14630228,0.15330829,0.15498486,0.16069347
0.13757017,0.15749334,0.15768439,0.16142203,0.16259955
0.10655190,0.10897804,0.11394680,0.12542202,0.13146152
-0.00000031,0.07228653,0.08241229,0.09272799,0.09967121
0.12830575,0.13379620,0.13521506,0.14014572,0.14315297
0.16279458,0.17185403,0.18149367,0.18980208,0.19150557
0.10203657,0.12268223,0.12281486,0.12295949,0.12826590
0.13063768,0.13245125,0.14752644,0.15535939,0.15820603
0.10395347,0.11455732,0.12408204,0.13010989,0.13181190
0.10040997,0.10794070,0.11001854,0.11235660,0.11327060
0.19187507,0.19710213,0.19919236,0.19930603,0.20412615
0.12968357,0.13514261,0.13874109,0.14357027,0.14832591
0.15229958,0.15652788,0.16872470,0.17206700,0.17448741
0.15031509,0.15514144,0.15934359,0.16073924,0.16556269
0.09420322,0.09793031,0.10224351,0.10297858,0.10417095
0.13853855,0.15243450,0.16188654,0.16259061,0.16457161
0.09846504,0.09849917,0.10131647,0.10714896,0.10824502
0.17999706,0.18160479,0.18466203,0.18810099,0.19200125
0.08595648,0.08701357,0.09099095,0.09505406,0.09577652
0.07754268,0.08407975,0.08598965,0.08645590,0.08674317
0.14991161,0.15535419,0.15977390,0.15977390,0.16457072
0.10217700,0.10418152,0.12077986,0.13774639,0.14049023
0.16367030,0.17590941,0.17750837,0.17750837,0.17940108
0.12986535,0.13998041,0.14285228,0.14611115,0.14680280
0.16635072,0.17488095,0.17553303,0.17958620,0.18851879
0.11352064,0.11577523,0.11653132,0.11915123,0.12032470
0.11856222,0.12363988,0.13543038,0.14026284,0.14289011
0.10555871,0.11076340,0.11249028,0.11420575,0.11428239
0.12353611,0.13146153,0.13221917,0.13329582,0.13588259
0.10291056,0.10493031,0.10672599,0.10738932,0.10828769
0.12044121,0.12221400,0.12266947,0.12359906,0.12452952
0.02267608,0.02298037,0.02754772,0.02892960,0.03267149
0.07513637,0.08127490,0.08318329,0.08494398,0.08502439
0.03089225,0.07634060,0.07898790,0.08737774,0.10057001
0.03877799,0.07948360,0.08606823,0.08691539,0.09762767
0.09629832,0.09733339,0.09848867,0.10365318,0.10493665
0.18123895,0.18380785,0.18524361,0.19582775,0.19999632
0.13965644,0.15071861,0.15850286,0.16392437,0.16680306
0.13151933,0.13278380,0.13466911,0.14581360,0.14595667
0.11983772,0.12309215,0.12417322,0.12572558,0.12838283
0.16429527,0.16490336,0.16618864,0.16685207,0.17039122
0.11358522,0.16081545,0.16666418,0.17975643,0.18234341
0.08608630,0.09353449,0.09436578,0.10008129,0.10146426
0.10651769,0.10717575,0.10742705,0.10957471,0.11035050
0.08969077,0.09786279,0.10021780,0.10574010,0.11089411
0.09011029,0.09114156,0.09412614,0.09954591,0.10644008
0.12832281,0.14718197,0.15837072,0.16612768,0.16774741
0.13836831,0.15372662,0.15557663,0.16662997,0.17010397
0.09831016,0.14680798,0.15030833,0.15196970,0.15236090
0.10935385,0.10986031,0.11155031,0.11329912,0.11353929
0.18012248,0.18119258,0.18801339,0.18901287,0.18959215
0.11229745,0.12385853,0.12408136,0.12662101,0.12909938
0.09789245,0.10200542,0.10872903,0.10997351,0.11695832
0.12136580,0.14374989,0.15561794,0.16469932,0.16615579
0.09897825,0.12894064,0.13383754,0.13977867,0.14949840
0.10131326,0.12172119,0.12552872,0.12890220,0.13137135
0.17763886,0.17971924,0.18100375,0.18323413,0.18615404
0.02543606,0.19476873,0.19961491,0.20499678,0.20592515
0.16413407,0.18623360,0.18677410,0.19117659,0.19223788
0.19264987,0.20226105,0.21078938,0.21220112,0.21254705
0.21033707,0.21052670,0.21068686,0.21495706,0.21656705
0.08796690,0.10009238,0.10448213,0.10528563,0.10632551
0.16254421,0.17677569,0.17741318,0.18400455,0.18614736
0.14089881,0.16134778,0.17502502,0.19233793,0.19348083
0.17095391,0.17863491,0.18318786,0.18652885,0.18689795
0.03167719,0.03433729,0.03671978,0.03740356,0.04552524
0.19203812,0.20117316,0.20946132,0.21209079,0.21340761
0.16760705,0.16888011,0.17496945,0.17909309,0.17996478
0.18637615,0.18824551,0.19389690,0.20397282,0.20402448
0.14240366,0.14328483,0.15267815,0.15409355,0.16900007
0.14311582,0.14432867,0.14868355,0.15662110,0.16425918
0.14104916,0.15429890,0.16702972,0.16809532,0.17687866
0.11696003,0.12244182,0.12959772,0.13669029,0.13980068
-0.00000034,0.05822283,0.05899811,0.06430119,0.10824279
0.15860207,0.16041835,0.16060460,0.16079740,0.16857256
0.07017797,0.07207661,0.08081035,0.08452445,0.08477710
0.11606800,0.13095608,0.13166356,0.13634020,0.13692111
0.08933634,0.10346705,0.11055379,0.11123720,0.11291227
0.12251287,0.12628742,0.13084038,0.13775969,0.13928744
0.00000001,0.02437282,0.03556875,0.03626350,0.03794286
0.16300987,0.16568744,0.17254874,0.17362443,0.17533073
0.11271805,0.11338562,0.11408863,0.11566028,0.12102862
0.13817842,0.14141160,0.14624667,0.15145540,0.15276159
0.11973858,0.14216760,0.14509851,0.14875712,0.15090346
0.13894777,0.14407045,0.14935514,0.15020283,0.15087295
0.12478542,0.13136867,0.13468929,0.13887931,0.14442448
0.10471372,0.11527768,0.12098912,0.12238467,0.12507874
0.14123517,0.14232676,0.14389268,0.14708893,0.14787062
0.16079560,0.16229562,0.16814490,0.17128819,0.17227025
0.12941511,0.14653207,0.15117542,0.15328048,0.15416867
0.13590489,0.14277226,0.14412162,0.14637744,0.15261687
0.15925667,0.16179065,0.16384469,0.16748160,0.17055404
0.08806957,0.08963924,0.09170218,0.10345337,0.10822614
0.09170416,0.11232710,0.13668294,0.13692670,0.13989978
0.13956335,0.14040057,0.15061839,0.15576255,0.15822631
0.16890976,0.16919667,0.17315795,0.18196478,0.18236789
0.14696941,0.17381427,0.17785619,0.19052586,0.19371295
0.12621437,0.13617803,0.14094847,0.14453429,0.14480360
0.15951413,0.17925616,0.19052790,0.19415502,0.19810249
0.11063253,0.12239467,0.13283697,0.13656116,0.13961793
0.07694580,0.08137240,0.08426696,0.08497162,0.08770063
0.06222202,0.07044625,0.07423903,0.07516463,0.07603520
0.06996817,0.07568081,0.07627391,0.07682575,0.08104169
0.10408783,0.12010802,0.12557906,0.12754564,0.14464663
0.16123423,0.17857192,0.17876706,0.17883861,0.18108194
0.14095871,0.15021783,0.15391475,0.15665644,0.15696250
0.12746602,0.14622071,0.14885415,0.15411007,0.15420455
0.16371632,0.16392972,0.16479309,0.16830680,0.16885340
0.09059343,0.09822304,0.09853303,0.09888401,0.09915993
0.06463546,0.07366438,0.09074488,0.09326636,0.09664951
0.14422944,0.15141471,0.15379123,0.15499315,0.15728597
0.11717080,0.13630524,0.14001232,0.14185962,0.14861020
0.13291109,0.13428377,0.13833635,0.14676738,0.14678511
0.13266023,0.13506819,0.14173234,0.14174247,0.14202823
0.11035514,0.11886212,0.12528050,0.12585196,0.12657857
0.11645674,0.14185828,0.14463297,0.14546558,0.14614779
0.09872731,0.10982727,0.11438396,0.12230803,0.12596129
0.12253518,0.13292959,0.17255589,0.17864200,0.18101254
0.16060607,0.16253726,0.16267392,0.16782311,0.16807440
0.10509962,0.10833059,0.10843685,0.10941650,0.11034672
0.11017630,0.11494949,0.12325653,0.12584631,0.12624308
0.12216170,0.14025684,0.14254709,0.14449584,0.14605020
0.12990871,0.13512985,0.14142694,0.15020090,0.15233621
0.15406702,0.15475713,0.15709683,0.15902734,0.16124280
0.14421433,0.14755097,0.15414597,0.15965882,0.16024438
0.13532130,0.14534013,0.14560895,0.15096675,0.15269126
0.13821028,0.16475856,0.17844304,0.17863156,0.18173580
0.13205495,0.13441624,0.13712417,0.13797596,0.13855530
0.12294063,0.14067818,0.14593115,0.14969045,0.15020967
0.11461670,0.13345227,0.13508420,0.13653144,0.13691996
0.13012353,0.13101758,0.13620432,0.14059891,0.14528662
0.12056317,0.12127726,0.13522547,0.13978317,0.14285968
0.15428290,0.15476546,0.16092071,0.16249253,0.16322003
0.10077423,0.10652381,0.10918599,0.10919218,0.11354634
0.10397291,0.10988964,0.11329019,0.11428551,0.11845221
0.11694584,0.12651184,0.12832904,0.12900162,0.13034435
0.11615252,0.12539788,0.14298981,0.14562784,0.14769219
0.16798422,0.17831597,0.18084075,0.18303500,0.18519303
0.14588472,0.15105195,0.15964067,0.16350557,0.16809312
0.15400133,0.16053718,0.16109049,0.16134679,0.16182519
0.15606275,0.16027586,0.16161600,0.16474050,0.16499570
0.07475138,0.08626927,0.09373897,0.10083143,0.10906467
0.05681016,0.10499112,0.10698520,0.11589588,0.12314892
0.08024600,0.11727403,0.12055264,0.12680686,0.13168095
0.18402028,0.19736882,0.20017134,0.20578130,0.20678625
0.13982676,0.17506281,0.17605445,0.17806907,0.17855504
0.12766507,0.12817597,0.13215344,0.13324764,0.13963076
0.18048728,0.18508267,0.18509738,0.18549736,0.18819465
0.16738896,0.16926819,0.16993356,0.17416555,0.17427988
0.15917480,0.16815521,0.16854735,0.17231093,0.17253488
0.12468894,0.13344221,0.13466124,0.13479038,0.13732882
0.16082358,0.16324550,0.17050338,0.17698680,0.17939417
0.10077602,0.10504416,0.11386691,0.11735981,0.12177087
0.14646640,0.16827232,0.17234722,0.17316976,0.17661740
0.14581031,0.15607312,0.16343573,0.17129889,0.17392160
0.10948604,0.11915662,0.13074446,0.13143271,0.14664240
0.17841136,0.18049747,0.18995412,0.19460307,0.19877844
0.16746736,0.16940688,0.18215024,0.18353269,0.18558690
0.07001635,0.07059605,0.07149825,0.07397798,0.07524292
0.13831738,0.14179936,0.14278479,0.15118361,0.15196007
0.13164994,0.15112393,0.15359497,0.15620519,0.16201535
0.15717022,0.15769757,0.16702743,0.17248136,0.17572221
0.11347573,0.11347573,0.13212240,0.15103252,0.15217178
0.15486306,0.15852328,0.16325325,0.16937369,0.17272732
0.14805529,0.17105541,0.17116553,0.17320180,0.17469110
0.14481094,0.14616944,0.15018407,0.15249221,0.15553685
0.10574157,0.13943164,0.15313387,0.15649328,0.15912350
0.07776880,0.08406828,0.08459887,0.09051494,0.09132202
0.09361795,0.10240933,0.10888515,0.11025486,0.11898947
0.10077302,0.10540460,0.10593164,0.10728234,0.10965849
0.10437137,0.10717591,0.10902703,0.10915070,0.11553750
0.14845364,0.14954291,0.15555781,0.15921582,0.16079743
0.16443709,0.17562783,0.18403134,0.19115126,0.19316591
0.11754079,0.12180830,0.13228332,0.13238446,0.13272703
0.13404024,0.13656224,0.13701190,0.15413548,0.15834828
0.13747212,0.13974373,0.14096381,0.15672673,0.16122283
0.12260073,0.12605953,0.12606451,0.13425501,0.13603453
0.15638578,0.17353179,0.18308949,0.18953277,0.19125086
0.13982365,0.14929874,0.15153560,0.15520763,0.15875988
0.09471102,0.11090013,0.11100163,0.11295097,0.11869726
0.12787735,0.13235886,0.13365763,0.13510054,0.13753863
0.12041105,0.14786696,0.16128480,0.17466602,0.19137520
0.14145561,0.17216466,0.17851518,0.17988783,0.18006319
0.19919589,0.19991520,0.20106336,0.20207703,0.20244804
0.13379021,0.13665383,0.14668569,0.14738521,0.14872365
0.11399475,0.12233464,0.12339891,0.12381161,0.12763286
0.16412684,0.16449779,0.16686217,0.16934715,0.17555816
0.15406121,0.15849489,0.16557692,0.16721183,0.16997853
0.14599639,0.14664862,0.15825568,0.17672674,0.17721374
0.06589566,0.08608241,0.09385928,0.09741041,0.09778178
0.14323400,0.14424449,0.14684528,0.14733361,0.14761403
0.16582826,0.16949910,0.17302136,0.17340355,0.17539111
0.17653823,0.18038100,0.18304315,0.18408972,0.18482448
0.11746905,0.12075880,0.12302803,0.13380995,0.13600716
0.11431365,0.11443117,0.11651532,0.11712863,0.11786739
0.13840285,0.14512751,0.14760408,0.14760661,0.14760758
0.16253664,0.16671406,0.17413913,0.17417479,0.17470124
0.13020481,0.13571519,0.14672185,0.14879259,0.14912216
0.11493086,0.11787011,0.11788610,0.11856517,0.12020205
0.11385156,0.13206702,0.14071906,0.14774799,0.14780092
0.12647365,0.14414722,0.14972733,0.14994965,0.15036780
0.14709757,0.15212782,0.15807542,0.16360642,0.16790015
0.12259551,0.12597232,0.13320130,0.13714416,0.13829108
0.13716365,0.13962725,0.14264651,0.14537570,0.14727655
0.13990535,0.16280624,0.16583848,0.16797702,0.17250387
0.15288532,0.16053738,0.16964266,0.17847133,0.18095073
0.06002933,0.07349062,0.09157443,0.09800766,0.10395619
0.13559507,0.14446795,0.14515176,0.15029438,0.15136726
0.11919829,0.13480362,0.15367508,0.15672475,0.15678814
0.18341190,0.18551515,0.18582067,0.18787263,0.19212043
0.13917989,0.14671102,0.15244381,0.15371874,0.15388191
0.17271978,0.17598613,0.17605501,0.17660484,0.17929599
0.11536478,0.11814350,0.11842582,0.12510996,0.13048908
0.09504053,0.09519716,0.10736467,0.10759315,0.11205291
0.11272368,0.11342928,0.12125144,0.12516399,0.12576705
0.10106207,0.10611697,0.11754781,0.11918478,0.12565084
0.12209824,0.12515140,0.12542492,0.13105878,0.13119303
0.09866910,0.11093345,0.11249173,0.12442458,0.12878759
0.12768117,0.15393145,0.15928501,0.16211234,0.16246189
0.14141966,0.14426079,0.15110922,0.17534135,0.17610998
0.13880938,0.14007516,0.14073290,0.14255837,0.15005898
0.12903532,0.13144277,0.13229160,0.13498117,0.13573506
0.12604752,0.12804513,0.14293049,0.14886126,0.14941359
0.12191007,0.13620818,0.14522627,0.14562087,0.14892820
0.15651794,0.16675766,0.16919631,0.16984184,0.17568332
0.15614244,0.17376380,0.17461541,0.17697179,0.18019110
0.15731317,0.16747685,0.17055471,0.17122830,0.17324992
0.14197524,0.14868566,0.15180282,0.15656480,0.16445620
0.04041949,0.08846042,0.09982261,0.12990987,0.13215165
0.00000019,0.06627811,0.07321815,0.08802557,0.09958393
0.12005129,0.12363979,0.13088351,0.13841045,0.14803407
0.11787160,0.12186468,0.12380084,0.12475029,0.12621824
0.13456467,0.13705626,0.14311557,0.14845516,0.15093142
0.16028148,0.16953294,0.17300341,0.18801826,0.19416137
0.09537251,0.09968402,0.09970766,0.10157581,0.10315385
-0.00000041,0.02592114,0.03577973,0.03901230,0.04617069
0.09001671,0.09959166,0.10642628,0.11019588,0.11188810
0.07331197,0.09056604,0.09807725,0.10461774,0.10844248
0.11958838,0.13153964,0.13749337,0.14620207,0.14965951
0.10173361,0.10338217,0.10576911,0.10644399,0.10822331
0.15205814,0.15405412,0.16055611,0.16181435,0.16213740
0.04016972,0.06555655,0.06555655,0.06793211,0.07064831
0.04807572,0.07190102,0.08187030,0.08187030,0.08289412
0.03653707,0.04211709,0.04491603,0.04984144,0.05719735
0.04039820,0.04171884,0.04232793,0.05582902,0.06636111
0.04237002,0.05232067,0.05371803,0.07147078,0.07678086
0.03886934,0.04747010,0.04750264,0.04842469,0.05374212
0.13368650,0.13395864,0.13988160,0.14177868,0.14536138
0.14449069,0.16797817,0.17481604,0.17744543,0.17777987
0.14738509,0.16058381,0.17161067,0.18108097,0.18260728
0.11249149,0.11655161,0.12739868,0.12827210,0.12923606
0.13601191,0.13657632,0.14223839,0.14590785,0.15178160
0.11895622,0.11970430,0.12408594,0.12486714,0.12670763
0.10458814,0.10547558,0.10689661,0.11139656,0.11792988
0.14974675,0.15193245,0.15333597,0.15369618,0.15816599
0.10275608,0.10802311,0.11985196,0.12040511,0.12543386
0.09613595,0.11622347,0.12532146,0.12686822,0.12951306
0.11528820,0.12521176,0.12532958,0.12733816,0.12846984
0.07574774,0.08004224,0.08465300,0.08890091,0.09785374
0.10747940,0.12878497,0.13481116,0.13784255,0.14245617
0.18522429,0.19255686,0.19793998,0.20067719,0.20146012
0.11209466,0.11592992,0.11646594,0.11702672,0.12100425
0.08700760,0.09239578,0.09315015,0.09431747,0.09842084
0.18101627,0.18516834,0.19117063,0.19257113,0.20197892
0.09699639,0.10125396,0.10187750,0.10447048,0.10509203
0.11558418,0.12061600,0.12463048,0.12696694,0.13237366
0.13072290,0.13829869,0.14195126,0.14475398,0.14920169
0.15961318,0.16677134,0.17350075,0.17654808,0.18328419
0.12223603,0.12660214,0.13434438,0.14415188,0.15001738
0.09759934,0.09853842,0.11467116,0.11568967,0.11700123
0.10608906,0.10713658,0.11178130,0.11262686,0.11423466
0.11543002,0.13275430,0.13545637,0.14042014,0.14821289
0.14459877,0.15389724,0.15620065,0.16251530,0.16713262
